0
-63098
854070
-60636
-11435702
58601808
-180207764
415871948
-34245542
33611932270
88709842542
136923206480
181286518642
218133559688
246769870816
265888031482
274792601662
273133403290
260986623380
238805749682
207442217378
168113858990
122319620626
71822130476
18575289918
-35390328780
-88000231148
-137220541578
-181174247628
-218156635730
-246772646524
-265890461974
-274791577174
-273140082228
-260987121510
-238803592244
-207438501088
-168111545310
-122319967460
-71826649248
-18577403420
35389943148
87999829398
137216324506
181179482972
218160199814
246768913082
265887022880
274791346016
273136849466
260986476430
238798143182
207445454248
168111440328
122315670962
71825116458
18579158728
-35396186744
-87996495928
-137222674826
-181169282994
-218163019292
-246766116548
-265888471720
-274796388432
-273133006860
-260986236122
-238806455388
-207441570774
-168112336358
-122321806132
-71827127970
-18576710346
35391495852
87995344398
137223043956
181174844244
218163030124
246766156334
265889325616
274797758008
273133014158
260993022626
238803388848
207444386172
168110748808
122319569158
71829336914
18574164262
-35389125438
-87999538156
-137221697698
-181174116688
-218162940054
-246769349382
-265889589488
-274795945918
-273137521542
-260981460208
-238805876214
-207441397356
-168116260450
-122319185912
-71828568708
-18574135726
35389160016
87997457554
137221920672
181171343522
218164719016
246767138120
265886766504
274793137492
273133075852
260986246308
238800663312
207438882484
168116907820
122323084882
71830287002
18575578548
-35391306100
-87997931734
-137221885090
-181172694658
-218163142896
-246768477906
-265894273938
-274785815116
-273142818058
-260980058316
-238802439510
-207444586004
-168107657624
-122326928026
-71824140384
-18580498898
35391609204
87997377842
137219018054
181171886444
218155259094
246771091040
265888629232
274788947306
273139129406
260979482948
238801064486
207442457900
168112501276
122317655444
71829012646
18573124034
-35394011300
-87993712316
-137222237884
-181174159872
-218163969256
-246768233430
-265888874786
-274796277720
-273135471574
-260986978068
-238801199204
-207446227510
-168111502568
-122319756192
-71828288218
-18574086646
35392145768
88003476068
137220739826
181171193744
218163229220
246763609976
265890732502
274790895912
273138387816
260980451894
238801981388
207443137408
168112857466
122315469742
71832058508
18573236700
-35389900686
-88000411160
-137219879356
-181173763518
-218163945100
-246772317918
-265887755218
-274795082354
-273138566378
-260980934894
-238800795126
-207448363220
-168108528942
-122320701876
-71825728868
-18573318930
35387390930
88001866808
137217636932
181177071536
218160632548
246766870066
265891897082
274793747052
273136770990
260983311092
238804633652
207442448136
168108865580
122321899196
71829410672
18576012176
-35393883148
-87994232036
-137221491424
-181171585244
-218162927572
-246762080690
-265891566204
-274788099610
-273138563090
-260987407290
-238800263516
-207446967022
-168110251992
-122317495612
-71824251262
-18577842988
35395738250
87995938130
137216783782
181176628970
218159064482
246770280778
265888549166
274792476900
273136785906
260982156836
238806332840
207440858534
168116100328
122313751046
71831904408
18567478942
-35391200356
-87998503042
-137222587422
-181174811066
-218160179220
-246767107782
-265893271560
-274787064256
-273141127382
-260980389718
-238804316064
-207440003788
-168117193242
-122321140756
-71828312364
-18578681770
35392613962
87999263600
137223607008
181172557300
218168161082
246762364050
265888695100
274792393424
273144499984
260978305062
238805830332
207440552326
168114426828
122318858288
71828884038
18574739882
-35391313484
-87997474986
-137224369574
-181179118990
-218157581382
-246771180912
-265888251606
-274793585180
-273140013958
-260987689766
-238799536088
-207446091032
-168108056292
-122325563176
-71824320944
-18578083346
35388404388
88001086480
137220097722
181172718794
218160354982
246770743374
265888782556
274790361400
273140527352
260984540918
238800230402
207442874422
168110318572
122318949474
71827931274
18576411238
-35392194124
-87998823946
-137222381248
-181172127174
-218163688446
-246766061336
-265893705698
-274792935296
-273136586164
-260984596442
-238795615878
-207447461502
-168109906054
-122322567202
-71827423986
-18574137736
35392560056
87991635302
137226612774
181170860216
218164343752
246765122546
265885301594
274797924398
273132347144
260985916776
238802120484
207442593406
168116249258
122317063546
71825767580
18576314376
-35393295056
-87997518224
-137220468040
-181176443266
-218160449280
-246772528950
-265885002604
-274797085456
-273137023720
-260985166722
-238803266364
-207440983578
-168113534034
-122319971356
-71833291528
-18573897026
35391386610
87996423942
137223660294
181173860956
218159881196
246765566364
265890114510
274792185482
273136513912
260985952870
238803180614
207445177086
168113848360
122315321664
71834323152
18569336862
-35387574320
-87996780744
-137223918138
-181169459412
-218169464198
-246765085370
-265889314226
-274796000352
-273137574942
-260983536574
-238805874180
-207438627150
-168113908896
-122312145946
-71832981460
-18576645308
35390377854
87994877992
137222359956
181170815794
218161092016
246769557916
265887718690
274793803742
273135470652
260986431140
238801713454
207442240678
168110698560
122320855302
71825683094
18575446678
-35385128854
-87999911806
-137222373938
-181175740280
-218160726458
-246766825044
-265886176194
-274794144858
-273140240478
-260984435644
-238801380844
-207446923448
-168110294922
-122321439480
-71826632474
-18580074968
35388021424
87999225338
137219126624
181175596000
218162265374
246767587196
265886633802
274789725114
273139546642
260978713382
238802428734
207441342974
168116495678
122320920778
71823655764
18574429138
-35393020786
-87996259240
-137223679102
-181170407712
-218162556124
-246765683402
-265888344276
-274795429382
-273131556262
-260986950162
-238800138360
-207444091578
-168110443660
-122319017310
-71827081146
-18574243736
35395455026
87993827690
137225960952
181172623318
218161043756
246770074456
265890371690
274794832000
273134938668
260990830340
238796233110
207447493348
168109830026
122318630898
71827062202
18576900940
-35395507438
-87993418890
-137223173322
-181174625448
-218155821920
-246775356312
-265885798548
-274790137564
-273144195436
-260980874276
-238803292496
-207442577826
-168115267322
-122319446152
-71827121176
-18575689678
35392521696
87999056278
137223172528
181170879612
218160789330
246766114402
265888990698
274793984374
273138200302
260980383842
238805427050
207442942930
168110465684
122324431818
71821806316
18579667636
-35394055738
-87998067454
-137218909014
-181176140786
-218158997770
-246769914728
-265889744064
-274790071456
-273136927640
-260983729720
-238798969294
-207445434500
-168109083566
-122323413802
-71826796146
-18574166018
35389950672
87997001440
137221477146
181175215402
218161824548
246765160162
265892412210
274788445270
273138629332
260985053946
238800517520
207445075120
168114153086
122317102360
71824584238
18575744182
-35391843350
-87996398002
-137222408434
-181177345968
-218155339978
-246773007582
-265885108534
-274794400780
-273133085132
-260989450526
-238802535006
-207441363070
-168118532498
-122320574508
-71828891432
-18576078090
35392048490
87997494702
137222761396
181171146212
218161964692
246761387682
265891307688
274790312794
273138264138
260984313756
238801422668
207440071108
168113677268
122320356644
71826471358
18572040334
-35382960138
-87998056492
-137222651164
-181174356998
-218159044692
-246771561624
-265885887042
-274794704646
-273134739940
-260986968470
-238800880966
-207443753208
-168112440828
-122316869372
-71831568592
-18578270038
35390167478
87995218130
137221691444
181173026386
218161289462
246764728110
265888706116
274790526460
273136092518
260988704116
238800191434
207444486720
168111371616
122315503888
71831216792
18571541810
-35388902442
-87997304082
-137222124332
-181169042374
-218166657406
-246763151766
-265894580150
-274790021168
-273135972870
-260988754796
-238797503724
-207443827546
-168112813394
-122319671082
-71825618544
-18571384586
35393419768
87996067614
137222323868
181170354638
218163822562
246769868536
265886371726
274792536398
273139451552
260984290824
238801108840
207447846890
168107691258
122322105648
71829296648
18574509440
-35387558624
-88002906070
-137217335650
-181177925540
-218159914438
-246767886438
-265892360240
-274790455958
-273141304194
-260985169648
-238803989590
-207438123728
-168116275176
-122318035464
-71830492878
-18575806106
35388805412
87998113310
137221640526
181174048876
218163633058
246770189602
265887569710
274793094856
273136742918
260987785710
238800033304
207446071402
168113816548
122318471230
71827101602
18574500634
-35388621818
-88001392624
-137219752278
-181173021166
-218161787938
-246766474752
-265889362524
-274791675652
-273135646944
-260983934790
-238802226756
-207443375362
-168111104666
-122322933902
-71827783566
-18580047158
35394163730
87997897800
137225539652
181169407166
218162775428
246768499156
265888388900
274796587540
273137971152
260983737110
238803444020
207444782366
168115891056
122318557322
71830642258
18575420384
-35395107664
-87997207130
-137223564638
-181174563610
-218163182426
-246767710536
-265890436590
-274790488450
-273139220588
-260983169744
-238801769546
-207443842692
-168112927638
-122316581454
-71835384742
-18572865234
35391226356
87999339564
137221636804
181177488258
218160223530
246767377146
265889626124
274792985650
273134352554
260984991380
238801030052
207444419474
168107271882
122322107042
71829549506
18576360226
-35396409236
-87994503106
-137222082686
-181170369126
-218160384774
-246770239772
-265886583466
-274796594712
-273137337582
-260983851834
-238801936660
-207441172724
-168110744370
-122322635040
-71826948642
-18573702940
35389008106
87998097568
137228040172
181169367818
218168984722
246767699424
265894450688
274790521786
273136250602
260986792580
238796917760
207447902198
168107354838
122325669016
71821516820
18579687934
-35392377542
-87992909958
-137224311050
-181169534548
-218161459972
-246768344432
-265889595964
-274790607788
-273140300146
-260980530328
-238801761264
-207446113166
-168110144088
-122319415664
-71827616614
-18581241090
35393254598
87993861270
137222575840
181174104254
218162054108
246767137562
265889751318
274791731840
273139017398
260982088278
238805879666
207438005046
168111685650
122315406528
71828546758
18571504370
-35391353846
-87996207974
-137220402598
-181168465082
-218167946664
-246763104350
-265888184936
-274791687548
-273136663248
-260984937220
-238796974484
-207445582032
-168110312964
-122326252336
-71824034964
-18580851940
35393634750
87996395176
137220500452
181176179112
218162943006
246765644728
265891454348
274789168708
273142365938
260981697648
238806244930
207438350958
168115753072
122320213078
71830483708
18573668178
-35390287392
-87998331124
-137221553464
-181174529826
-218163321252
-246766016952
-265891098522
-274794117932
-273136009148
-260982844158
-238803273816
-207444723368
-168112215144
-122320394966
-71825313876
-18576217428
35392454064
87994406576
137226015680
181169345868
218158759384
246769703950
265887877870
274791951268
273135530426
260982881374
238805382094
207438733344
168115526392
122316507914
71827404018
18575479966
-35388776658
-87999955784
-137221282580
-181171786146
-218166864108
-246769492106
-265886819682
-274795564174
-273133387930
-260987851364
-238798780230
-207443844418
-168112988340
-122321790128
-71829125166
-18574272620
35391452296
87996487310
137218926586
181174085002
218158677578
246768925570
265883232462
274792811722
273135641282
260986848994
238802137734
207439836358
168113066102
122320359156
71828472782
18575904274
-35390134624
-88001733946
-137221412382
-181173227110
-218164985108
-246768814864
-265888086602
-274794511500
-273136021144
-260983600904
-238799810588
-207445830220
-168111180422
-122320335488
-71828381224
-18573096748
35391345668
88000445972
137221158514
181172675652
218161743244
246763888000
265893175548
274792831412
273132964598
260984375106
238797998348
207445145804
168110966606
122322262788
71826745932
18573892718
-35387995192
-87999989516
-137222613562
-181177017222
-218162313280
-246768336126
-265884447222
-274794099812
-273129346448
-260986996982
-238796139530
-207442798084
-168107893442
-122316423538
-71833568736
-18577211412
35395500468
87991963478
137223635602
181172693044
218163791182
246767205742
265886928448
274797975386
273135551602
260985424512
238800338716
207446885158
168109174648
122320847444
71831560818
18573847598
-35389355584
-87996537212
-137222048850
-181169895852
-218164889642
-246767594122
-265895257906
-274792392616
-273139493688
-260981229186
-238804295508
-207443036246
-168106032794
-122321265524
-71826810526
-18576398706
35392432752
87998858484
137222598632
181173277338
218161955030
246765609356
265891217290
274790161890
273139430702
260983502734
238799421898
207444224304
168111889524
122322143176
71824443674
18576026804
-35390648776
-88000381798
-137220457012
-181176659960
-218162099122
-246768368802
-265887402148
-274790311424
-273134762594
-260981218012
-238802673300
-207443503676
-168109983660
-122320783202
-71826903782
-18575058684
35389918416
87999399812
137221117278
181172489004
218166203276
246765151396
265895324332
274790636672
273137111556
260983987412
238800812502
207438912368
168114935854
122314506790
71832289304
18571671660
-35389081046
-87998808616
-137220244118
-181167725716
-218162466400
-246767066706
-265894458716
-274791391040
-273143024532
-260983864724
-238805635346
-207441141442
-168114715110
-122316681406
-71828295778
-18573522028
35389617258
87998744500
137222845674
181170170160
218164754000
246766369382
265888813324
274794910546
273133760816
260987122748
238802296068
207443004660
168109926536
122319636702
71833262208
18570117474
-35382553182
-87995539650
-137221168992
-181174996398
-218161802330
-246766781036
-265887736176
-274797979786
-273136303140
-260982330268
-238800140214
-207443170220
-168116036324
-122319386930
-71827940796
-18572168220
35388516070
87997455312
137220906496
181172402450
218162789018
246765753004
265892510102
274783563992
273143037396
260980389272
238806029084
207442950788
168113855170
122314636120
71827215124
18572255730
-35390178832
-88000898556
-137217147268
-181174715632
-218163246240
-246760963652
-265889295108
-274789997830
-273139399166
-260986304128
-238806718640
-207441953782
-168109740778
-122316744930
-71829788808
-18577858806
35391642570
87995018518
137223362914
181171381988
218166044210
246765525914
265889469470
274791212812
273139519382
260980028348
238807319128
207439349680
168118556278
122316142354
71826645282
18577746944
-35393898364
-87994395644
-137224694442
-181172103670
-218165970856
-246771440742
-265888477418
-274796246826
-273136573426
-260982463932
-238802228328
-207441293374
-168112280880
-122317864216
-71825908548
-18578308368
35397419164
87994092946
137224165898
181175462742
218157876286
246768020318
265891640480
274787647760
273136791412
260983297418
238805458920
207440161700
168113001574
122319706434
71827004112
18572488808
-35385300396
-88000088058
-137222493742
-181169246190
-218164867560
-246766560678
-265889096492
-274790410326
-273141101366
-260983921200
-238805802358
-207441257352
-168111108074
-122320959448
-71822466352
-18578744512
35390757720
87997118978
137221668024
181175071408
218160700488
246769446638
265890800350
274790039736
273137247810
260985322284
238803417734
207441581580
168113906032
122321871178
71828059660
18575600746
-35394078920
-88000741086
-137220690932
-181174242408
-218156609348
-246769532766
-265887290808
-274796403226
-273137880442
-260983010320
-238805749446
-207443473012
-168113796084
-122320930422
-71826682376
-18572399548
35394580292
87999380232
137221170482
181174779648
218163140588
246767178570
265888917510
274790646234
273135132804
260988067118
238800461616
207443290550
168110499490
122321809796
71826971176
18579115330
-35394731368
-87999017994
-137225759786
-181173740506
-218160937964
-246768138048
-265889394930
-274798314890
-273138048924
-260987043042
-238797569726
-207447661412
-168106430216
-122321965032
-71826180424
-18577938050
35392302914
87997710298
137224991552
181172258556
218162956238
246767966374
265891737072
274792882634
273135857636
260983992866
238799878462
207443781418
168112497212
122317866574
71828737886
18572244074
-35390685458
-87997917474
-137221142480
-181176319792
-218159390312
-246772843706
-265891154704
-274788903582
-273143167342
-260979658880
-238801545756
-207443036714
-168109479020
-122322763708
-71825649458
-18575006608
35389299572
87997690198
137221222190
181175111218
218159458646
246771505052
265884312730
274796573574
273137566858
260987138170
238801574926
207441388070
168110403514
122322230888
71827967630
18579987654
-35395037904
-87994678904
-137222735286
-181176025056
-218161940964
-246768556478
-265886622160
-274798973702
-273134707606
-260982388338
-238795942938
-207444021150
-168109894884
-122319488362
-71828022974
-18575899562
35390204106
87997982344
137216821178
181178549300
218158371558
246769083504
265888553100
274794519532
273140018312
260980193076
238801724528
207442203926
168114577996
122316496722
71827583518
18577614764
-35394092644
-87997459274
-137221376028
-181171263192
-218165627762
-246768407680
-265886133014
-274797155480
-273130375786
-260990929532
-238799293754
-207444969148
-168116167796
-122321132392
-71828704296
-18577314450
35396289502
87992926204
137221770000
181173701940
218164483484
246764059740
265888347556
274788737808
273142939884
260976120240
238804271830
207438877726
168110048474
122326023988
71821874582
18576301930
-35392404412
-87996141522
-137221872190
-181174579536
-218159443542
-246770290120
-265888068324
-274792602512
-273136291804
-260981770908
-238804079188
-207443429994
-168114578434
-122315504514
-71825666290
-18575050568
35394856568
87997320856
137224226016
181172236154
218165660196
246766172944
265892022102
274792929696
273135564838
260984688178
238800863572
207442322158
168112648200
122321564084
71830362158
18576027074
-35385685422
-87998650254
-137219154410
-181173265788
-218165097098
-246767665132
-265890566270
-274792373216
-273138502532
-260979665974
-238803389274
-207441310436
-168110893476
-122320934066
-71824114712
-18575824052
35387773538
87999687022
137218566324
181171397280
218164325188
246770039340
265891711668
274789952630
273136641986
260983529064
238801254502
207446620284
168112982406
122320570346
71825706144
18575940970
-35389746524
-87998090162
-137218678766
-181177172128
-218160155752
-246774857526
-265879397070
-274798818226
-273129185640
-260992834148
-238793847620
-207442773852
-168115699950
-122319565886
-71832675854
-18572395268
35387296352
88000146398
137219393346
181172974042
218162259696
246765934712
265890660318
274793079548
273138864168
260986337242
238801534564
207440844196
168108409988
122321751474
71826597390
18573950512
-35387184572
-87997629520
-137221701448
-181172172198
-218162158022
-246769213208
-265884663734
-274791984316
-273137346590
-260987079652
-238797853638
-207448430634
-168109937190
-122319753746
-71829566516
-18574111976
35388649582
87998119598
137221644028
181172980894
218161945612
246770817192
265890306844
274793031712
273143204102
260986310028
238798528188
207445756654
168111792260
122322824020
71827040736
18578070658
-35390999646
-87995496296
-137222560892
-181173948022
-218165022740
-246764941638
-265890534568
-274797287584
-273136003080
-260983745708
-238804121360
-207442343496
-168111897796
-122321028050
-71831720320
-18571298600
35388876526
87992630206
137221224256
181177539658
218153406526
246773826560
265888150034
274797642534
273136719102
260980158264
238805909746
207440776882
168110791308
122326015310
71825255638
18577742204
-35389240014
-87999284050
-137221124898
-181174364648
-218162169132
-246766495482
-265889604654
-274795759336
-273140035200
-260982808006
-238806247066
-207437712740
-168117829220
-122320134580
-71829531612
-18576591230
35389335050
88000653118
137222703206
181174020910
218161393004
246770117320
265888172786
274795401472
273132653866
260991266668
238797711448
207440896672
168118742872
122317080066
71830145120
18576807796
-35393163236
-87994377922
-137225231784
-181177034848
-218157541698
-246771002882
-265891569874
-274791919038
-273134688546
-260992524414
-238795375558
-207448013660
-168110713930
-122321994974
-71827805620
-18574389252
35388222000
88002485976
137220324440
181173829592
218159192360
246772042888
265883322894
274798457620
273136670346
260986237242
238801359828
207445772540
168109810916
122320899722
71831966846
18571858528
-35385674514
-87996217712
-137223566070
-181170226760
-218163035310
-246766136252
-265886551554
-274794175762
-273136205914
-260982381644
-238802062196
-207445319474
-168110476794
-122321711912
-71827568370
-18576727282
35388812130
88001049292
137220871294
181174093592
218161770750
246765805238
265889456032
274791895082
273136940176
260985415522
238803612574
207446292690
168106552532
122325076910
71826122328
18574592544
-35390535662
-87995789740
-137219893878
-181176625854
-218161212138
-246766789318
-265888442918
-274796520280
-273135443246
-260986312120
-238799010050
-207445235670
-168108453254
-122321857716
-71826493742
-18576058192
35389286240
87998404326
137221196406
181176332272
218161020180
246767290838
265893277638
274788969952
273139636662
260978008494
238804694194
207438958368
168112150072
122319210598
71831789774
18572782768
-35391504294
-87999601812
-137219604532
-181172019862
-218163747878
-246769366528
-265888945478
-274794008658
-273137205574
-260986743484
-238801605208
-207446765328
-168112261466
-122319151958
-71830408742
-18573502610
35392144724
87996203026
137225417012
181172061496
218161454894
246765357362
265890859974
274791745662
273138630242
260977804416
238805455692
207436648600
168116309438
122313296340
71831436294
18573490874
-35388079630
-87996023418
-137228393380
-181168275352
-218167678076
-246770733038
-265886072754
-274792142654
-273135127486
-260980597946
-238801603894
-207445437290
-168111560986
-122321286560
-71829000386
-18578750080
35394303086
87998653802
137223068192
181171117934
218162721234
246762212984
265888983778
274792310520
273141460054
260986180404
238799765050
207445813716
168111319714
122319338526
71828649654
18577193246
-35390198842
-87997822474
-137225622422
-181175832276
-218157416852
-246768063848
-265889491954
-274795811222
-273132018146
-260988644412
-238799962484
-207443711752
-168109001382
-122325029578
-71826231402
-18575785600
35390159114
87995197074
137221878466
181176213904
218162863690
246765674852
265890921116
274791679312
273137668450
260985335290
238800326882
207441366126
168114776744
122313233146
71832109574
18570825242
-35385891684
-88000368182
-137218263088
-181177361738
-218157850184
-246769846870
-265888134770
-274798597156
-273135457016
-260982486266
-238805628306
-207440015204
-168116630732
-122316958664
-71829525044
-18571966574
35385328010
88001840492
137219749160
181176178628
218165721142
246762121084
265891817602
274793185952
273135987116
260981703036
238802754470
207440696610
168116527018
122317472208
71827850750
18578106692
-35394934880
-87992583104
-137223150232
-181169889278
-218163314248
-246761707706
-265892031952
-274792733992
-273135287440
-260984888136
-238802505570
-207447338436
-168112559822
-122318410658
-71830229312
-18575150344
35385677744
88003201386
137216513624
181179975598
218156034414
246771268010
265886443792
274794481914
273138207812
260984000510
238801333088
207443080798
168113513346
122319098542
71830558950
18574522474
-35386866600
-88000598212
-137221160630
-181172687592
-218158635106
-246765683398
-265889532934
-274790317386
-273143472394
-260979017256
-238807771396
-207438407488
-168112434056
-122322784802
-71826484446
-18576896522
35391898832
88001338832
137222600570
181177069478
218160323188
246767134488
265890961880
274791564992
273136837674
260981744132
238808219710
207442040632
168115182110
122321700100
71829579370
18576383760
-35393087944
-87994029354
-137223019576
-181171650450
-218165226672
-246765987784
-265894165184
-274790775484
-273142087950
-260981410036
-238804320872
-207439899050
-168113806032
-122314189498
-71829357652
-18571148856
35387541494
87998676294
137219999708
181170358744
218163471460
246764555504
265888702474
274793589130
273136903374
260984149196
238797297234
207447601202
168107466048
122322252832
71828896832
18570513862
-35390713396
-87995755428
-137223711918
-181168007300
-218162224298
-246765923758
-265891157652
-274795565296
-273137734432
-260986065866
-238800471510
-207440411204
-168110435868
-122317331150
-71826049148
-18574824800
35389715052
88000447044
137221088022
181171641838
218165694956
246762556208
265891286366
274789672186
273137931508
260985318752
238800399092
207442533106
168116479702
122322302934
71831020762
18576891782
-35391645550
-87996644896
-137223034446
-181175478676
-218154042928
-246768823060
-265887389130
-274796481444
-273135763304
-260980415816
-238807838802
-207440622756
-168115047206
-122320431274
-71826899938
-18578537156
35392585110
87996911134
137222729424
181168731778
218164527372
246766593606
265890393202
274793458906
273131861868
260990407878
238805423082
207442085672
168114351828
122318670528
71825852258
18578024382
-35390967562
-87997033272
-137223734158
-181170834310
-218165097786
-246767926714
-265888795248
-274794182562
-273136265390
-260981766914
-238801432062
-207442608400
-168111012778
-122323101246
-71827142764
-18573261312
35388741682
87999111264
137218918662
181176305006
218160419478
246767059148
265887039350
274795456246
273137453234
260985855648
238801986492
207442958914
168113204276
122320278106
71827340824
18574531890
-35389182044
-88000595674
-137222971316
-181177191494
-218159740078
-246768353078
-265890794294
-274790566124
-273138345292
-260977818394
-238804702062
-207443241668
-168113199478
-122319125382
-71829341156
-18572497178
35390346008
87998029880
137224444374
181176763814
218158943588
246769530796
265887767680
274794514102
273135539550
260981884308
238801599980
207444829658
168109470590
122316211386
71831880044
18575509082
-35394313906
-87999597440
-137220167958
-181177285474
-218161090208
-246770366704
-265887783642
-274794522034
-273140095250
-260985454948
-238802734596
-207442267538
-168115924882
-122315155100
-71830583006
-18573891880
35391737358
87998353842
137219478534
181171297948
218162954560
246765360074
265885362036
274794817026
273135864116
260983785328
238804686858
207444997484
168111148578
122318879128
71827557176
18580381142
-35394594372
-87994587262
-137222926238
-181173950704
-218159164986
-246774763448
-265884678856
-274791398534
-273138688750
-260986474602
-238805032728
-207443578576
-168112464818
-122319621184
-71827443428
-18576539686
35391821966
87998793528
137218342908
181178051724
218166508780
246761371276
265895126348
274790686398
273136503600
260985433656
238800020252
207448289978
168110627246
122319899008
71830700292
18576440716
-35392873132
-87993722618
-137225614616
-181177036594
-218163513880
-246766232778
-265888623028
-274793512280
-273138672256
-260982032646
-238802524742
-207445748984
-168112869684
-122323190152
-71824516182
-18574946544
35392435406
87997134936
137223586536
181171427130
218161417562
246766919150
265885916058
274794981928
273134674738
260986191044
238800566094
207445513318
168109603694
122315778598
71830898276
18573546238
-35395874790
-87994302780
-137222930012
-181167837158
-218165655352
-246761384348
-265891769766
-274793806450
-273133031186
-260989724820
-238798573452
-207446381060
-168109794248
-122320636412
-71827014530
-18577571858
35390646852
87994836956
137219409360
181174715922
218160474600
246768792536
265886666632
274793859562
273136250896
260989215844
238799811632
207440836232
168110456864
122317284424
71824237332
18576754826
-35387147012
-88003056654
-137216722996
-181169411540
-218164349944
-246766312222
-265889101068
-274795632496
-273135013468
-260980800746
-238804845362
-207442232566
-168114149606
-122318083022
-71829742230
-18574819258
35388711786
87998118820
137223575414
181173424016
218162466842
246767240810
265893123304
274794038116
273139602600
260983950840
238801040768
207444818788
168110252444
122321239332
71827877698
18576220588
-35393029140
-87999914448
-137220657528
-181176431832
-218160679446
-246766620130
-265890822660
-274794695586
-273136828222
-260987546788
-238802476758
-207443499522
-168107800320
-122323894966
-71826011000
-18578334638
35393384306
87993374788
137225266472
181166639292
218169599344
246763857126
265893073952
274789885872
273142743468
260985671754
238801600364
207445512400
168107033904
122317744334
71829910110
18573372294
-35389457710
-87997618880
-137220200928
-181177850736
-218157952814
-246770654544
-265884330368
-274794836440
-273132498576
-260989296030
-238799276858
-207444932596
-168112347718
-122320573350
-71824989420
-18572015882
35385526838
88000584922
137220272686
181175853512
218161774978
246767585926
265888226484
274793968818
273137080688
260985581282
238804461294
207446354266
168111739982
122322662408
71830591014
18572193870
-35391771766
-88000075872
-137221266982
-181173499104
-218162265724
-246768789984
-265887434352
-274795371424
-273135871818
-260983298250
-238801466292
-207441427460
-168113160468
-122316903360
-71832803196
-18571753812
35389954498
87997116116
137224053546
181174179876
218165498584
246767994506
265889456744
274791855240
273134904926
260985456078
238796395502
207443244032
168107649912
122318780780
71828620436
18578086180
-35392569304
-87993746394
-137223309072
-181172835406
-218164975674
-246763273252
-265889926384
-274790641134
-273139042354
-260981221054
-238806675556
-207439568426
-168112643210
-122322884012
-71822479350
-18580484510
35393327666
88000020046
137219189702
181176281040
218155566184
246772399068
265884105658
274789638442
273139586436
260985780782
238800986686
207442555890
168112206686
122316326534
71830335772
18575598910
-35386932162
-87998808774
-137218917152
-181176798984
-218158802840
-246770424484
-265885868386
-274798520490
-273136011080
-260986473596
-238806460714
-207441144350
-168114132306
-122318353394
-71830801056
-18570150536
35386193828
88000521304
137221904294
181168098708
218167255890
246763225438
265890326486
274794827938
273138766206
260982306642
238805678746
207440469742
168114836982
122318711268
71829405490
18572883560
-35388734544
-87997690200
-137223992770
-181173250420
-218161830610
-246765029232
-265892334718
-274790894998
-273136511816
-260981293208
-238802885566
-207439988778
-168109829052
-122319054576
-71825031096
-18575351812
35391313604
87993520370
137219364910
181175666540
218155892414
246772386518
265887426240
274789242308
273140367100
260980045910
238804680438
207439765964
168114421218
122318458762
71828517648
18576151002
-35393787120
-87995682384
-137224637696
-181174855266
-218160659564
-246769349266
-265882115936
-274793026520
-273138852012
-260984203154
-238800781644
-207445119978
-168111551188
-122319569554
-71830619714
-18574540150
35389008586
87996344106
137220660476
181176091520
218161710734
246770166082
265882057462
274794934394
273138683072
260980811022
238809072050
207432830200
168123516606
122310015312
71838445508
18566612468
-35387525652
-87999868690
-137221635816
-181177468574
-218159026974
-246765650312
-265895423374
-274791408380
-273135800266
-260985946190
-238800918674
-207441928564
-168111995386
-122318802064
-71827352104
-18574365846
35386780612
88001025282
137223143962
181171685274
218164963888
246769638574
265890244976
274792353600
273134300026
260985413314
238800718118
207441928620
168113752282
122321729418
71829789356
18572025548
-35384395312
-87999523618
-137217102454
-181175949334
-218161665750
-246765945062
-265885823136
-274799537468
-273136013034
-260987638276
-238801067932
-207442111758
-168110304838
-122320210976
-71825686054
-18577053834
35393040194
87991941156
137224033686
181172364758
218165422188
246764489538
265885356014
274796394578
273133846638
260987261516
238799299400
207444779888
168113254342
122321159158
71833217308
18571814538
-35387189794
-87996187846
-137219674572
-181172127778
-218162394972
-246767321050
-265889644280
-274787883856
-273144979520
-260977804604
-238802722710
-207443041272
-168111302072
-122314214508
-71830231004
-18573697690
35391599812
87996443772
137221411134
181171238232
218163525670
246767153844
265889769668
274794164180
273135383516
260984548336
238800580352
207441066596
168110975784
122316892650
71830301660
18574009166
-35391222496
-87995726340
-137225789744
-181174269796
-218159255488
-246763366612
-265891766016
-274791503116
-273134748892
-260985822192
-238798035898
-207443966954
-168108431584
-122322377510
-71825897312
-18578847764
35394392836
87994976120
137222766746
181172095972
218164627676
246767552994
265884416042
274797766340
273132302136
260982720742
238803336514
207443480302
168113308266
122318774796
71828047748
18571691810
-35389522582
-87997342326
-137221369576
-181173612608
-218161748694
-246763472084
-265889257214
-274790852938
-273140888120
-260985394350
-238802399648
-207439033338
-168111468444
-122317732302
-71827850688
-18576421440
35395603854
87993160666
137221938338
181176225302
218157301728
246766618446
265884278908
274799897762
273135934686
260985180836
238804547114
207439261754
168116139630
122313779708
71829713336
18571219758
-35388948272
-88003049142
-137217041074
-181177672800
-218157775758
-246771804800
-265887203502
-274795385064
-273132314374
-260985526952
-238798846670
-207445683596
-168110925374
-122326840978
-71826245590
-18574887472
35389533220
87995963086
137225752320
181174161138
218162217876
246768376132
265886174938
274798202840
273134046582
260988072978
238804693200
207438794908
168108019220
122318807596
71831711808
18571869238
-35392952320
-87997050630
-137226759092
-181169658836
-218166069946
-246762542482
-265895351514
-274790381074
-273142303982
-260981451386
-238800967646
-207441737228
-168110931810
-122320428838
-71827487174
-18577827224
35390063344
87999940054
137222061042
181173311360
218165877998
246762839114
265888469794
274793934812
273133178498
260983974720
238801916468
207445511370
168112397958
122318859400
71831774248
18572236094
-35386016546
-87999928818
-137221817488
-181173516354
-218161126810
-246767304070
-265886395668
-274794275110
-273133786324
-260986798790
-238798751386
-207444214780
-168112347496
-122320768500
-71825327520
-18578819678
35392392994
87993095830
137225600380
181173290900
218165218952
246765910982
265891371826
274791394144
273137710018
260985306870
238797240540
207447926266
168107506218
122320070964
71832186236
18574957332
-35388545838
-87997105230
-137224384368
-181175201312
-218162228592
-246767935226
-265886341416
-274792502774
-273135806562
-260983893578
-238804209944
-207436058836
-168115584082
-122314738032
-71829123116
-18575443426
35388843472
87995742506
137220374004
181179021380
218158907024
246769882630
265888030642
274796325920
273132954010
260989080686
238792691244
207445634822
168115120136
122318373898
71828754400
18572941396
-35390064654
-88000569042
-137220201310
-181176410500
-218162136838
-246771454256
-265888039750
-274795682398
-273139518690
-260986879436
-238799290848
-207447922864
-168107970916
-122328585032
-71824213758
-18573834420
35392696176
87996579902
137222180580
181177516674
218159241458
246773435796
265884767184
274788008202
273135094628
260985384192
238799845976
207443176988
168109000572
122318464150
71828514840
18577509678
-35393310178
-87994778220
-137224073072
-181170405844
-218165707482
-246764509112
-265891042360
-274791886766
-273132335630
-260984005198
-238803130856
-207442344428
-168108802764
-122322322492
-71827021780
-18574934068
35389776092
87999938892
137222400928
181174370196
218160118742
246767485828
265889746994
274792524530
273132991956
260986786228
238797615296
207443507718
168113139644
122319701148
71829045654
18572659234
-35390773620
-87998624344
-137223558504
-181173935528
-218163116154
-246765829296
-265889134132
-274793465064
-273137640078
-260982138612
-238801833726
-207437302756
-168112497214
-122320885428
-71828390578
-18574263216
35390782242
87999226478
137221319312
181173931238
218160087884
246765406200
265888200896
274793043560
273138254410
260986095080
238802915652
207441078842
168115882170
122321815558
71829548256
18574022676
-35387407398
-88000223816
-137221430396
-181175652846
-218165712340
-246772596432
-265882895188
-274797888664
-273132305468
-260987808432
-238797992248
-207440937700
-168113523236
-122314286766
-71832040452
-18573611624
35387496066
87997564458
137225438774
181170206594
218167265602
246767533578
265889496604
274792480644
273137211992
260983126838
238804094244
207439001360
168116042032
122322064216
71828274088
18573943962
-35393071434
-87996383268
-137220510846
-181174345508
-218165506268
-246770265160
-265891643926
-274790637460
-273132829912
-260986247944
-238803037210
-207443561098
-168114314426
-122319853918
-71829446774
-18574167278
35387827982
87998622496
137223063248
181167290280
218163147816
246764600780
265890154246
274796522540
273134474704
260990518048
238797469076
207448642616
168110876298
122316498900
71834363778
18568409946
-35390934786
-87997228268
-137223538626
-181174998634
-218158504784
-246768276182
-265889033716
-274795387682
-273135913030
-260981720974
-238802555996
-207441220304
-168113162926
-122320814540
-71829587658
-18575072662
35389075692
88004363494
137218735146
181180027622
218160666752
246773040290
265887261528
274791121914
273139048986
260980251456
238805107388
207442967976
168113980604
122320356500
71832259152
18575127092
-35391035144
-87997655026
-137220577700
-181170537000
-218162892744
-246765310622
-265890052984
-274789823116
-273142198346
-260984394942
-238801938176
-207443475642
-168108321994
-122321032538
-71826747958
-18574397750
35387984558
87997055162
137221283532
181173499442
218163697838
246764129810
265897100666
274788192558
273141931016
260980954106
238803573242
207446236070
168106992788
122324483852
71825910130
18575071332
-35392082732
-88001978708
-137217231610
-181177537128
-218161577970
-246765111372
-265890807264
-274788682042
-273138752602
-260983090842
-238798242802
-207447754344
-168107369124
-122320094450
-71827485164
-18579706018
35391094156
87998689744
137225019874
181170372284
218166787974
246763181994
265891998584
274786020742
273141097480
260981802718
238804113528
207441255600
168113495016
122314465774
71829377926
18573271606
-35388069970
-88002964372
-137219916954
-181173249638
-218165668064
-246765841582
-265892534048
-274786803750
-273141781390
-260982882766
-238805226178
-207443489876
-168111467904
-122322627006
-71824060746
-18573618426
35389337446
87994997430
137221399450
181171310906
218168949854
246765772272
265894263022
274786792220
273136737496
260984083818
238804307000
207445018850
168110642120
122322080600
71827579296
18576822274
-35394558308
-87994544490
-137225651050
-181169546378
-218162481902
-246766676232
-265887127430
-274794476482
-273133685094
-260980665034
-238804939228
-207441658782
-168108233300
-122320427350
-71828568314
-18574020508
35393330886
87998798674
137223707848
181168566174
218167764174
246764303134
265888664488
274793450780
273133352970
260984067426
238802332220
207437843472
168113318508
122318632972
71829864578
18575396654
-35387135326
-88001109340
-137223360756
-181170774552
-218160250364
-246771058970
-265886140176
-274791211022
-273136922160
-260985829792
-238800782492
-207448701448
-168107330466
-122324030164
-71823843024
-18577461174
35396549232
87992977900
137221924972
181170999298
218160180682
246767149466
265885700388
274795866792
273133268138
260982060506
238805866316
207440484698
168112234228
122320638906
71825669120
18575447530
-35392148698
-87998648346
-137224772466
-181173481388
-218163604124
-246766518044
-265889020880
-274792703708
-273135944990
-260982777896
-238802042746
-207440822508
-168111797146
-122320585524
-71823913382
-18575192708
35389162450
87996596908
137220067788
181175140718
218160681582
246766795852
265887760060
274793646882
273139805254
260984651724
238805772794
207438933454
168113581868
122319031770
71830054986
18575563404
-35394261314
-87998062942
-137223978054
-181171506622
-218158878852
-246767490840
-265891157022
-274790989776
-273141679418
-260979075472
-238805185288
-207441729234
-168112422664
-122318177164
-71829918528
-18574904498
35388126258
87996404920
137216227262
181178538550
218161130042
246770631676
265886651920
274794296588
273138535366
260981872754
238806581702
207441639780
168107930274
122323100888
71829271022
18573674434
-35393864694
-87996469298
-137227720372
-181172004106
-218165396328
-246767923720
-265891487182
-274793690642
-273133810036
-260989302930
-238800145472
-207445661872
-168110143036
-122324558832
-71829009778
-18571592594
35390706986
87999883508
137225097138
181170932924
218160411484
246767431990
265887087942
274789264876
273140272392
260979724760
238805477052
207447917298
168108890766
122322104506
71829496626
18573129922
-35389144426
-88000237580
-137218240778
-181169636240
-218163705142
-246765861968
-265889121852
-274796491750
-273134811928
-260985910200
-238803434742
-207438756858
-168110592928
-122317993328
-71827351136
-18573198588
35386039240
87998776622
137222338074
181169195096
218162525860
246767185580
265889237780
274791122158
273140434400
260983272376
238805811804
207439204436
168112947380
122319750196
71834043114
18572876898
-35390287528
-87999777580
-137222276400
-181173259274
-218164413738
-246764305964
-265893587792
-274790215058
-273134841508
-260985750310
-238800672732
-207445432050
-168109709986
-122321171444
-71827243394
-18577496386
35389146722
87999988848
137219162412
181174788438
218158275942
246772236810
265885423350
274794624960
273134105304
260990384084
238796587030
207447588682
168109396244
122321996852
71826306122
18578064752
-35391139082
-87996118258
-137226691232
-181169035914
-218170273242
-246763912926
-265889689850
-274791251684
-273135506270
-260991096518
-238795506794
-207446375892
-168112394182
-122316609118
-71831007858
-18570254350
35389509698
87998067488
137223924508
181175697506
218161807220
246770195026
265891048556
274792549484
273135731504
260983493160
238803300348
207440834546
168105813872
122322298758
71823334946
18576445530
-35390927830
-87997402490
-137223165574
-181170558522
-218165404536
-246764950414
-265887717148
-274794535378
-273136526916
-260982425318
-238807342100
-207441836096
-168116030792
-122320546008
-71829229440
-18574566500
35392498504
87997864924
137223531912
181170617042
218166640532
246761245128
265895049370
274789893970
273137060188
260985439418
238800442512
207443075674
168109439932
122318686580
71831971190
18573249126
-35389817074
-87998714788
-137220717830
-181174041684
-218160917996
-246763271740
-265890541614
-274792828624
-273133294692
-260989483460
-238797600676
-207446173384
-168114970566
-122316268640
-71832790414
-18570757698
35389623040
87995426378
137224254350
181171162142
218159366882
246772675524
265888520612
274794535228
273136634492
260984845740
238800608860
207444848868
168112337270
122322251472
71824410656
18580560708
-35392771654
-87994410012
-137220628690
-181175001774
-218162329456
-246765478582
-265888758136
-274790099738
-273136687960
-260981771092
-238799057164
-207447355868
-168111531048
-122320228768
-71829057622
-18572884320
35388256810
88000834950
137220466430
181174321568
218161208850
246767493392
265890695526
274792365566
273132977430
260987946462
238799217622
207446932882
168113069728
122322735964
71826021892
18574342458
-35391779836
-87992535414
-137224013082
-181170844132
-218158384380
-246771308064
-265883524008
-274793894304
-273137271682
-260979646006
-238802691822
-207443004934
-168116309312
-122319426538
-71826934638
-18578232886
35394279556
87996357344
137221280372
181173396054
218161901524
246769352248
265884295106
274797268632
273131878492
260984413580
238801384576
207445028562
168109552048
122325801038
71827892720
18577053290
-35391531726
-87993008252
-137228346252
-181168837650
-218167615380
-246761448304
-265889515490
-274791010716
-273140907402
-260982159442
-238802565702
-207446522576
-168112334324
-122319764850
-71825098030
-18576250786
35393377346
87995574650
137221576746
181175669774
218158106126
246772076828
265884282178
274798991522
273132120574
260988531422
238798368728
207444340580
168109164428
122322617492
71823804796
18575763582
-35389298006
-87997154022
-137222653784
-181176173922
-218158905172
-246769091508
-265888440482
-274794471672
-273136087762
-260986057472
-238801431514
-207444238880
-168116980484
-122320096556
-71829943140
-18574881904
35392252992
87993788798
137224863150
181173354200
218163254644
246768125630
265890942048
274791908260
273135267896
260989276286
238801670798
207441264828
168116885628
122320844930
71830494298
18578331020
-35395921442
-87993866656
-137222229312
-181171771516
-218162485782
-246766861498
-265889657322
-274790232396
-273139652034
-260984422296
-238799124898
-207448448578
-168110450172
-122326533182
-71829901482
-18576359564
35392198908
87998490148
137219869954
181175645572
218159131824
246766289514
265886027186
274795808750
273136771608
260985315656
238801879970
207441757840
168112472480
122320045972
71826867468
18574720154
-35388827260
-87999079480
-137220097228
-181173362992
-218160568046
-246769737322
-265884675690
-274793863798
-273139183438
-260986265956
-238798239412
-207446706062
-168112797328
-122318080070
-71827049694
-18574394292
35392132244
87994976346
137225226902
181172714892
218165560584
246763494224
265894283390
274791166074
273133956198
260987311648
238797543060
207444813840
168111814532
122318397454
71832698210
18571055828
-35385900226
-87999950478
-137219787390
-181167223136
-218166436752
-246763528578
-265895893994
-274788831094
-273140358850
-260980978620
-238801052970
-207444265590
-168110438272
-122319498598
-71828925808
-18576464504
35394084116
87998290164
137221107830
181175445986
218160979182
246761365924
265893542582
274791245288
273138582260
260987174470
238804951008
207440116838
168113453526
122318480620
71828774018
18573346702
-35389915808
-87997977654
-137223361094
-181170038270
-218166842560
-246762715680
-265893150188
-274790375232
-273133200886
-260984004284
-238799171202
-207440575404
-168110780650
-122323577692
-71825783030
-18579727128
35395179492
87997040094
137223170022
181171848956
218164751026
246761685074
265890832704
274791056842
273140545284
260980079142
238803906316
207441440486
168108449342
122322962450
71827381038
18578391018
-35392578866
-87993054078
-137222213686
-181173863870
-218165967062
-246763271340
-265889234964
-274791023220
-273141647584
-260984063154
-238804510676
-207435504770
-168115642948
-122320024490
-71824866446
-18577141056
35389559042
87996454086
137223834068
181169767424
218165642024
246766460792
265889002888
274798173586
273132956020
260989996492
238799325300
207446582574
168107968056
122322196324
71827587484
18573497180
-35391136570
-88001885754
-137220379842
-181177658126
-218163406522
-246763505130
-265886859878
-274798622600
-273131149020
-260991249640
-238800110014
-207445777436
-168107784206
-122318330098
-71824259202
-18574473286
35392640546
87991297394
137225308692
181168901800
218166856652
246763281392
265896826996
274784258618
273140318570
260983709276
238801508518
207443975084
168110529270
122323383094
71826085520
18573657658
-35388703558
-88000609970
-137213293764
-181175254202
-218159499206
-246773007444
-265887055086
-274795862760
-273135932152
-260984490388
-238802643116
-207445220790
-168107074676
-122329793728
-71822756324
-18579818986
35396708972
87996293440
137221597744
181171107396
218162392482
246767259174
265888622050
274793842396
273139960528
260981426908
238804409442
207445058322
168110847852
122324690272
71824588780
18577008962
-35390536948
-87998639250
-137223833086
-181171412192
-218164829894
-246764167876
-265890205176
-274789931522
-273138134004
-260983747330
-238803653884
-207441233926
-168113012610
-122317139608
-71830725004
-18570874844
35386876290
88003163934
137216363578
181176872006
218160422966
246766784690
265891757372
274789777748
273141024812
260989429122
238797249266
207447437928
168108819252
122318842100
71829752556
18572739144
-35391623182
-87999182022
-137220561218
-181176720494
-218161373822
-246770247990
-265884937154
-274800920014
-273134679726
-260984938432
-238803824824
-207442681862
-168115002462
-122316307006
-71826255476
-18577735388
35391621162
87997833330
137223900254
181174168044
218159033868
246764512924
265893906286
274790444876
273136400342
260980456358
238803891240
207445333176
168111420000
122323566502
71826130928
18570677904
-35388763818
-87999463142
-137219174920
-181175346828
-218165023566
-246764699602
-265889049762
-274797528404
-273133652272
-260983788530
-238796014574
-207442427670
-168115050070
-122316469294
-71829440934
-18576948890
35392601714
87997901406
137221765240
181175895594
218159762348
246771960404
265887245194
274795903634
273131331380
260986418450
238802401984
207444772558
168110960974
122321291636
71828720890
18570921642
-35390054262
-88000443798
-137219954382
-181177185750
-218157423056
-246768852160
-265888326264
-274792360356
-273137885778
-260982420338
-238803039248
-207443078366
-168113614204
-122318799020
-71830115272
-18574566140
35390972564
87998123598
137218124658
181177001332
218159500708
246769743872
265886262126
274799071324
273133245890
260985252864
238806255142
207442356064
168114829248
122316415154
71831307812
18571346820
-35391123034
-87992368200
-137224804112
-181169632818
-218167336052
-246764402528
-265887891002
-274792115068
-273142329498
-260981229876
-238803158862
-207439764738
-168110987218
-122318449024
-71825150246
-18574004416
35387630996
87995883868
137220653340
181173593986
218158703358
246773739480
265887389312
274790943904
273139229828
260985187222
238802641762
207443066606
168112957606
122318886600
71831246014
18574293384
-35393496210
-87995452174
-137218913468
-181172154400
-218161262074
-246766033720
-265886857450
-274793468556
-273137147664
-260983507848
-238806032774
-207440602812
-168111246792
-122320761666
-71828659066
-18569584452
35388910320
88000231104
137223521310
181173024918
218164503016
246767269582
265888287702
274791067410
273134547424
260984782822
238800621162
207441334124
168108527868
122325973508
71826268384
18576091546
-35389763512
-87996006610
-137221411376
-181174401152
-218162269640
-246769545354
-265886204918
-274794436474
-273128511380
-260990181250
-238797795826
-207447897802
-168108598030
-122321364518
-71825001990
-18577494136
35395169424
87997732132
137226003866
181162541896
218168495416
246765896958
265885576172
274793203006
273133942414
260990406958
238797941304
207444838654
168108716740
122322277078
71826327794
18572960954
-35389883042
-87999966478
-137219780538
-181173557390
-218164009440
-246768375764
-265888179664
-274795528566
-273138422500
-260981224052
-238804146458
-207444621306
-168107989982
-122324619272
-71828773246
-18576774936
35391738398
87997362064
137220599310
181176454324
218160939914
246766763518
265890184546
274791342766
273135797920
260986296938
238804855904
207440979802
168112163896
122322715658
71827386968
18575728410
-35392457164
-87999026640
-137221914124
-181173111380
-218166686746
-246762934138
-265889959394
-274789375844
-273135079974
-260986360218
-238798937722
-207447163376
-168108400014
-122321374592
-71827924742
-18577031796
35396236872
87994144128
137223811084
181173347374
218166489868
246768556878
265887878400
274797430596
273136128512
260985720470
238802571588
207442440866
168113262918
122318559496
71831125962
18576041480
-35387861596
-88000345990
-137223772232
-181172509242
-218160772012
-246766544642
-265888441908
-274791515484
-273138517004
-260982601668
-238801781084
-207439708688
-168113360812
-122318089694
-71829285172
-18577903628
35391588702
87995443284
137224938296
181170843598
218161332672
246767190384
265894216802
274794363392
273134565990
260985226164
238798853380
207443462410
168108082892
122319866174
71828869816
18569782674
-35384757568
-88002006750
-137217010274
-181177373624
-218159794344
-246765970900
-265894709174
-274794026914
-273132659446
-260988136124
-238804850304
-207443488672
-168111693276
-122318985812
-71830650568
-18573612362
35388312938
87999285648
137218873280
181175220358
218162924368
246770136282
265886749722
274795301566
273135375448
260982439154
238802146946
207442374826
168109447628
122318730328
71826319272
18576432798
-35393170250
-87993304934
-137226209862
-181176174294
-218163982304
-246765471908
-265883285010
-274796004238
-273138778400
-260986302690
-238802104930
-207439472306
-168115645042
-122317559328
-71830388604
-18573754912
35393178798
87997582378
137221194966
181172702886
218159555436
246769402094
265887678328
274794082066
273131394496
260984690480
238802690122
207443403048
168111696772
122322083430
71825341946
18576814044
-35385993126
-87996923422
-137219201592
-181175683018
-218160771654
-246773031480
-265888458842
-274794524382
-273137099016
-260982027480
-238806460548
-207439704432
-168114677708
-122318880914
-71828363604
-18576324208
35390685062
87997066976
137221227348
181170505526
218162224166
246766044674
265884083136
274798671024
273136264260
260982620240
238802925760
207443523926
168111223270
122319519482
71826642290
18575214646
-35393646390
-88001269668
-137221145190
-181172136852
-218162218494
-246766342336
-265888506458
-274791923082
-273134630698
-260983443852
-238802454152
-207445339306
-168106776214
-122328189320
-71825022026
-18574507056
35392614766
87994619986
137226830312
181170466634
218165096570
246764781240
265891127130
274788226984
273135311586
260980868598
238805289134
207443514444
168111442190
122319253934
71830573300
18572945988
-35391844110
-87995596286
-137226036656
-181172529580
-218156541464
-246770280412
-265883837824
-274794171636
-273130321164
-260986158144
-238800628172
-207441002454
-168112981492
-122321232160
-71827301938
-18578446950
35393434412
87996227140
137221181074
181174970746
218156353752
246774202708
265882720058
274797618474
273132211498
260985565762
238801575786
207442760370
168112383398
122316590498
71834769144
18570922478
-35389079502
-88000497578
-137221902950
-181173951452
-218157164502
-246770993974
-265881781976
-274798179468
-273133128426
-260981959630
-238805871272
-207434579046
-168116418918
-122316458612
-71831608746
-18575092628
35391424618
88001081424
137219264504
181179708810
218158518654
246770009806
265887851644
274794364180
273134043868
260984532250
238804973750
207445170018
168109839692
122323095126
71831030428
18577195304
-35393885310
-87994670092
-137220241940
-181175764262
-218164212714
-246766225348
-265889293132
-274793120518
-273136139132
-260984594832
-238801371950
-207441477390
-168111104932
-122316593014
-71835278866
-18572966760
35386825854
87999563352
137224241528
181167947024
218165815042
246761921414
265888066212
274793651900
273139817244
260985816070
238802841204
207442255672
168111657696
122317024940
71824220336
18574232366
-35392515444
-87999541814
-137219894448
-181174031908
-218164540960
-246765259122
-265889570184
-274795905082
-273135447030
-260986238120
-238802100158
-207446467842
-168111278844
-122319412306
-71826685436
-18575416604
35392904308
87996563220
137219726578
181173058106
218163690604
246767567114
265888402120
274792218840
273141343266
260983570182
238799456578
207444449682
168109774560
122317551292
71830781076
18572358632
-35388287626
-88002601472
-137219196198
-181173985186
-218163810180
-246769093424
-265889311456
-274798646452
-273131453630
-260988489488
-238797323510
-207443991714
-168108187954
-122322899284
-71827805628
-18574819686
35390571664
87999022782
137220665686
181177617862
218159495472
246769852328
265885649696
274791498142
273137805110
260983236828
238801526452
207442476910
168115749684
122318828426
71822969568
18582017026
-35393072272
-87996548972
-137220566542
-181172206220
-218161974296
-246767464410
-265890610158
-274792444690
-273139329308
-260985123224
-238803313594
-207444256470
-168109812366
-122322182032
-71825812906
-18574822622
35392796504
87995608854
137222060528
181174081144
218159281758
246767794204
265887007226
274793911732
273136337220
260984146158
238800259564
207443924446
168112603164
122322822768
71826987992
18576222038
-35395233692
-87994141718
-137221111070
-181172308164
-218165829536
-246767515158
-265890262296
-274799091766
-273131733000
-260989896528
-238796980254
-207445111146
-168110752800
-122318481370
-71829397058
-18573441922
35390147626
87999735372
137224543138
181176681692
218158489346
246775163462
265883355786
274798473192
273135170228
260986725082
238798771224
207441151138
168115452958
122317148480
71826164682
18576131312
-35390208266
-87998374102
-137220094130
-181178092104
-218157810434
-246768733902
-265887644956
-274796176992
-273135205850
-260988367266
-238796351004
-207451908586
-168108126524
-122323152208
-71824865530
-18579648416
35392599632
87995929352
137223478486
181171857818
218160794552
246769105682
265883913292
274794782134
273132809484
260984261108
238797810844
207448258814
168107822366
122323948176
71828852364
18575279980
-35388266330
-87997966772
-137220401598
-181175479612
-218160809146
-246770515778
-265891670612
-274797397020
-273132980434
-260984538410
-238801172008
-207446805052
-168108286794
-122325293028
-71821742290
-18577856968
35392305064
87998476918
137220122266
181173468674
218161393770
246769668948
265890643618
274793946580
273139474334
260986842530
238802891620
207444981384
168109801248
122320256346
71828810466
18573559724
-35393419176
-87996703838
-137224013442
-181173462296
-218163584146
-246767004866
-265886567016
-274797305234
-273132969598
-260985948958
-238794863182
-207450513440
-168109240310
-122320046258
-71829752546
-18576084330
35396019140
87998060642
137227822374
181168906970
218158798422
246772117846
265889437564
274793551352
273139129578
260982483200
238803845908
207437470850
168115398112
122319864650
71830136350
18579600142
-35394229712
-87995421822
-137223629980
-181172259408
-218157190284
-246768463384
-265885105252
-274794414704
-273133784402
-260987211108
-238796109600
-207444124862
-168108638432
-122317105374
-71829426676
-18576081378
35396505492
87991633610
137224132978
181170170570
218161069980
246770565848
265886407758
274794884566
273132909992
260989177774
238794862080
207443829510
168114175132
122320802572
71826327878
18576806414
-35393426594
-87997386108
-137220019686
-181169839130
-218165600396
-246766336634
-265887916296
-274789754474
-273137127196
-260983430446
-238799397938
-207445917448
-168108910918
-122320777918
-71826541144
-18577245582
35392826560
87991386702
137223493940
181172352582
218163746874
246765906612
265887237878
274795392812
273134014534
260986064230
238798363542
207442290702
168111657056
122322951738
71827136128
18578850374
-35392955540
-87998013608
-137224567644
-181169068454
-218158176846
-246770432894
-265884075554
-274797691898
-273130820416
-260987500084
-238801867614
-207445128676
-168112558072
-122321314026
-71826831430
-18575462926
35390031234
87994088864
137224193796
181172521182
218160568254
246770216468
265887480448
274795257814
273130783708
260984735308
238800293800
207445010702
168109495708
122324405490
71825641498
18581238090
-35396787434
-87990564320
-137225202204
-181170584284
-218169267160
-246762744852
-265892856518
-274786255566
-273136075522
-260985988838
-238798843230
-207442607044
-168111028800
-122316982806
-71830507006
-18572050702
35387983224
88002955514
137216510434
181180063396
218162550034
246770762976
265887993844
274794616030
273139198554
260984184900
238802390812
207441629258
168109383170
122323939500
71824103224
18579060788
-35394268370
-87995802108
-137221722720
-181171899238
-218162599598
-246768338980
-265886688836
-274790711524
-273139230012
-260985584710
-238801496300
-207439542712
-168113536044
-122318167664
-71827286164
-18571509402
35389659486
87999188266
137222024114
181167163884
218168402484
246764123706
265890950384
274792245730
273139552606
260983085248
238799855514
207444628314
168110226926
122319841514
71830827238
18577970238
-35388247774
-87999897790
-137222443332
-181173355662
-218159668264
-246769749906
-265888113778
-274796473992
-273136582500
-260984449828
-238799502366
-207445630630
-168107430488
-122320791678
-71830035830
-18574622794
35393962662
87995973294
137222274340
181175476094
218162858916
246763498552
265891462976
274790390148
273137001050
260981097340
238810113984
207436372136
168117625610
122315957984
71825826310
18578228514
-35388701174
-87995465466
-137222188256
-181173529374
-218163198020
-246763964078
-265888538848
-274797330984
-273132152282
-260983328510
-238803539302
-207445565776
-168112039886
-122321640386
-71831833208
-18575283856
35390173556
87993685476
137222084486
181171354866
218164552676
246765388078
265889467968
274797198522
273135432856
260986789132
238800881526
207445858878
168107605202
122324280144
71827245040
18575743048
-35387988008
-88000196510
-137221752876
-181171144526
-218167386576
-246762018092
-265890552134
-274795303110
-273134025330
-260986315152
-238804241840
-207438105886
-168112479056
-122321603780
-71823503166
-18579507732
35392317446
87999879670
137220309020
181174188132
218161872306
246766038110
265893814948
274788904670
273139000482
260980356788
238801946032
207440332958
168112520718
122320231098
71830707704
18576671708
-35391108742
-87997837894
-137218513644
-181173633906
-218163715720
-246766973152
-265887578126
-274791126076
-273137401192
-260984168532
-238799792216
-207442945496
-168113860080
-122320301040
-71826953904
-18572902292
35392548244
87996313140
137224362116
181169608652
218163021374
246771516402
265887561514
274795616338
273138214618
260982192764
238802133624
207445944376
168112936224
122316973696
71832286668
18575133964
-35392599348
-87998514432
-137225433368
-181171640250
-218163070246
-246766715916
-265889966572
-274788849794
-273137659988
-260986060360
-238803032856
-207440847072
-168114173118
-122318965488
-71826989768
-18579504354
35392177994
87998144292
137218822330
181174110334
218161640052
246767187722
265891019686
274790585338
273138194816
260985158852
238804349802
207439591886
168113641932
122317628366
71831746792
18572703586
-35389134326
-87993819312
-137222049840
-181170451150
-218162379806
-246767124568
-265886779522
-274796268644
-273135756626
-260982636074
-238803324832
-207443478806
-168116508938
-122318129004
-71828033656
-18575595328
35392361678
87995515494
137227373382
181172040310
218162923970
246764028544
265891527956
274791897896
273142528704
260982552812
238800575896
207445963152
168108978072
122319140916
71826488962
18578982586
-35393172122
-87996420028
-137223535870
-181171337160
-218161289250
-246767688126
-265887449860
-274794945442
-273138366914
-260981294260
-238810025420
-207435204180
-168116023932
-122313672142
-71835399164
-18572157250
35391116540
87994095452
137221518998
181171334740
218165088266
246765765790
265890345472
274793010548
273140028782
260983555996
238802394394
207450741094
168106788616
122325365004
71824587440
18577643822
-35390920630
-87997398294
-137221106212
-181173901666
-218159397336
-246769949534
-265886343742
-274793175284
-273136316944
-260982684464
-238803147932
-207443026736
-168116004744
-122321274056
-71827706036
-18576200486
35391208656
87996599426
137224735736
181172189724
218163198486
246761353754
265890545448
274796044144
273137029552
260985096764
238803938946
207445357468
168110230228
122318469724
71829211910
18573684562
-35383804834
-88004068284
-137218838446
-181176792798
-218164471348
-246768787832
-265886584902
-274791388860
-273136953486
-260984039786
-238802699570
-207444588404
-168110304438
-122322794482
-71830770004
-18577834444
35397268408
87994956754
137223131262
181173257506
218160490830
246772054910
265885282780
274800191854
273130939738
260985071890
238804384588
207438170362
168112792406
122318122840
71826804124
18574584392
-35392836708
-87994445290
-137225543310
-181170787288
-218166726070
-246763988342
-265891637566
-274789700084
-273141093840
-260982398842
-238805856752
-207440186652
-168111685790
-122320914088
-71834319136
-18572060644
35393339828
87995278374
137220548742
181171812858
218158877326
246773439232
265880197778
274796274974
273135916388
260983762080
238806262516
207439391098
168111494566
122320957958
71827343568
18578264214
-35387597244
-87996762838
-137220255338
-181175025630
-218161761702
-246773296848
-265887861818
-274796062168
-273136958100
-260980335996
-238804848484
-207441409456
-168117334624
-122321121580
-71826712478
-18575941484
35392357876
87997615948
137222490090
181177956046
218157380336
246770630140
265883742972
274797318760
273131798490
260987088090
238799055636
207447817376
168111972796
122317230142
71832264742
18572606522
-35385238870
-87996380216
-137222309838
-181175496378
-218161330922
-246767314478
-265887258554
-274793925362
-273131925428
-260988591454
-238799382268
-207442981562
-168109535254
-122320568588
-71826300866
-18579298950
35393671944
87994690880
137222192148
181171604020
218162609708
246765894154
265890463522
274790828790
273139744918
260979915446
238804860930
207441014654
168110933652
122323241782
71822528038
18576101226
-35387658076
-87999256438
-137216301484
-181172919592
-218164818322
-246765619198
-265888337650
-274797183628
-273133521266
-260987857882
-238796895114
-207444717240
-168111879854
-122319403920
-71831473846
-18573967554
35388778742
88001297074
137216679602
181178264592
218158591592
246765751458
265893233938
274786990486
273138186536
260979482782
238800297982
207444095346
168111543160
122322583666
71830614414
18574154536
-35387324362
-87999606182
-137221744666
-181170380794
-218161563752
-246772556820
-265884250290
-274798819654
-273134551042
-260984517650
-238799802644
-207451175308
-168104458114
-122319067398
-71828867006
-18576557650
35389094176
87997657420
137221746052
181170262106
218166391428
246764535704
265891399442
274790866834
273141666756
260980020476
238804891176
207440429336
168115042632
122321660220
71825654982
18576843146
-35393057298
-87995593800
-137222400032
-181169951606
-218167518416
-246766326818
-265894632546
-274791157624
-273138981914
-260986420812
-238801421470
-207440610248
-168114249796
-122317202012
-71825335418
-18576251852
35391364028
87995472906
137221833234
181170679650
218166106914
246760584330
265894115984
274791514364
273139755156
260987158358
238797384730
207446680858
168108629612
122322479492
71827527240
18576267298
-35393238398
-87998834928
-137219216040
-181169734874
-218164533194
-246766047296
-265889964340
-274790719700
-273136155268
-260987252712
-238802618660
-207442550588
-168109282946
-122325848594
-71828717502
-18573715978
35387879580
87997707902
137223141198
181173691050
218164571572
246765430478
265887701766
274794250140
273136587460
260980611978
238801627836
207443015120
168109680562
122322609552
71829196296
18575941508
-35391306852
-87994914808
-137224209260
-181169103224
-218165020602
-246766256858
-265892404894
-274789882382
-273139975908
-260984186598
-238803134716
-207442251682
-168114886078
-122316162770
-71829467318
-18573918062
35389514316
87997747530
137216596010
181176404426
218157913388
246767104252
265889990616
274793312938
273133893654
260987266622
238801310876
207444369844
168107936864
122321773030
71827161758
18571190234
-35389319672
-87997560324
-137222427508
-181171029240
-218164521088
-246765406548
-265892753618
-274788135678
-273142240428
-260977020452
-238801971942
-207437987048
-168114963886
-122315427298
-71829584248
-18576011446
35391729374
87996127980
137222973062
181172000874
218165088912
246761911512
265890401566
274791007132
273140086984
260982814314
238799362152
207445261432
168111589362
122316509244
71831117714
18573106714
-35389975094
-87997054234
-137218263890
-181174648246
-218163972926
-246767537806
-265887601996
