0
0
1
0
-11
56
-172
397
-33
32055
84600
130580
172888
208028
235338
253571
262063
260480
248896
227743
197832
160326
116653
68495
17715
-33751
-83924
-130864
-172781
-208050
-235341
-253573
-262062
-260487
-248897
-227741
-197829
-160324
-116653
-68499
-17717
33750
83923
130860
172786
208054
235337
253570
262061
260484
248896
227736
197835
160324
116649
68498
17718
-33756
-83920
-130866
-172776
-208056
-235335
-253571
-262066
-260480
-248896
-227744
-197832
-160324
-116655
-68500
-17716
33752
83919
130866
172782
208056
235335
253572
262068
260480
248902
227741
197834
160323
116653
68502
17714
-33750
-83923
-130865
-172781
-208056
-235338
-253572
-262066
-260484
-248891
-227743
-197832
-160328
-116653
-68501
-17714
33750
83921
130865
172778
208058
235335
253569
262063
260480
248896
227738
197829
160329
116656
68503
17715
-33752
-83921
-130865
-172780
-208057
-235337
-253577
-262056
-260489
-248890
-227740
-197835
-160320
-116660
-68497
-17720
33752
83921
130862
172779
208049
235339
253571
262059
260486
248889
227738
197833
160325
116651
68501
17713
-33754
-83917
-130865
-172781
-208057
-235337
-253571
-262066
-260482
-248897
-227739
-197836
-160324
-116653
-68501
-17714
33753
83927
130864
172778
208057
235332
253573
262061
260485
248890
227739
197833
160325
116649
68504
17713
-33750
-83924
-130863
-172781
-208057
-235340
-253570
-262065
-260485
-248891
-227738
-197838
-160321
-116654
-68498
-17713
33748
83925
130861
172784
208054
235335
253574
262064
260484
248893
227742
197833
160321
116655
68502
17715
-33754
-83918
-130865
-172779
-208056
-235331
-253574
-262058
-260485
-248897
-227738
-197837
-160322
-116651
-68497
-17717
33756
83919
130860
172783
208053
235338
253571
262063
260484
248892
227743
197831
160328
116647
68504
17707
-33752
-83922
-130866
-172782
-208054
-235335
-253576
-262057
-260488
-248890
-227742
-197830
-160329
-116655
-68501
-17718
33753
83923
130867
172780
208061
235331
253571
262062
260491
248888
227743
197831
160326
116652
68501
17714
-33752
-83921
-130867
-172786
-208051
-235339
-253571
-262064
-260487
-248897
-227737
-197836
-160320
-116659
-68497
-17717
33749
83924
130863
172780
208054
235339
253571
262061
260487
248894
227738
197833
160322
116652
68500
17716
-33753
-83922
-130865
-172779
-208057
-235334
-253576
-262063
-260483
-248894
-227733
-197837
-160322
-116656
-68500
-17714
33753
83915
130869
172778
208058
235334
253568
262068
260479
248896
227739
197833
160328
116651
68498
17716
-33754
-83921
-130864
-172783
-208054
-235341
-253568
-262067
-260484
-248895
-227741
-197831
-160326
-116653
-68506
-17713
33752
83920
130867
172781
208053
235334
253573
262062
260483
248896
227740
197835
160326
116649
68507
17709
-33748
-83920
-130867
-172777
-208063
-235334
-253572
-262066
-260484
-248893
-227743
-197829
-160326
-116646
-68505
-17716
33751
83918
130865
172778
208055
235338
253570
262064
260482
248896
227739
197832
160323
116654
68498
17715
-33746
-83923
-130865
-172783
-208054
-235335
-253569
-262064
-260487
-248894
-227739
-197837
-160322
-116655
-68499
-17719
33749
83923
130862
172783
208056
235336
253569
262060
260486
248889
227740
197831
160328
116654
68496
17714
-33753
-83920
-130867
-172778
-208056
-235334
-253571
-262065
-260479
-248897
-227738
-197834
-160323
-116653
-68500
-17714
33756
83917
130869
172780
208055
235338
253573
262065
260482
248900
227734
197837
160322
116652
68500
17716
-33756
-83917
-130866
-172782
-208050
-235343
-253568
-262060
-260491
-248891
-227741
-197833
-160327
-116653
-68500
-17715
33753
83922
130866
172778
208054
235335
253572
262064
260485
248890
227743
197833
160323
116658
68495
17719
-33754
-83921
-130862
-172783
-208053
-235338
-253572
-262060
-260484
-248893
-227736
-197835
-160321
-116657
-68499
-17714
33750
83920
130865
172782
208055
235334
253575
262059
260485
248895
227738
197835
160326
116651
68497
17715
-33752
-83920
-130865
-172784
-208049
-235341
-253568
-262064
-260480
-248899
-227740
-197832
-160330
-116654
-68501
-17716
33752
83921
130866
172778
208055
235330
253574
262060
260485
248894
227739
197830
160326
116654
68499
17712
-33744
-83921
-130866
-172781
-208053
-235340
-253569
-262065
-260482
-248897
-227738
-197834
-160325
-116650
-68504
-17718
33751
83919
130865
172780
208055
235333
253571
262061
260483
248898
227738
197834
160323
116649
68504
17711
-33749
-83921
-130865
-172776
-208060
-235332
-253577
-262060
-260483
-248898
-227735
-197834
-160325
-116653
-68498
-17711
33754
83920
130865
172778
208057
235338
253569
262063
260486
248894
227738
197838
160320
116655
68502
17714
-33748
-83926
-130861
-172785
-208054
-235336
-253575
-262061
-260488
-248895
-227741
-197828
-160328
-116652
-68503
-17715
33749
83922
130865
172781
208057
235338
253570
262063
260483
248897
227737
197836
160326
116652
68500
17714
-33749
-83925
-130863
-172780
-208055
-235335
-253572
-262062
-260482
-248894
-227740
-197833
-160323
-116656
-68500
-17719
33755
83921
130868
172777
208056
235337
253571
262066
260485
248893
227741
197835
160328
116652
68503
17715
-33755
-83921
-130867
-172782
-208057
-235336
-253573
-262061
-260486
-248893
-227739
-197834
-160325
-116650
-68508
-17712
33752
83923
130865
172784
208054
235336
253572
262063
260481
248895
227738
197834
160320
116655
68502
17716
-33757
-83918
-130865
-172778
-208054
-235338
-253569
-262066
-260484
-248894
-227739
-197831
-160323
-116656
-68500
-17713
33750
83922
130871
172777
208062
235336
253577
262061
260483
248896
227734
197838
160320
116659
68494
17719
-33753
-83917
-130867
-172777
-208055
-235337
-253572
-262061
-260487
-248890
-227739
-197836
-160322
-116653
-68500
-17720
33754
83917
130866
172781
208056
235335
253572
262062
260486
248892
227743
197828
160324
116649
68501
17711
-33752
-83920
-130864
-172776
-208061
-235332
-253571
-262062
-260483
-248895
-227735
-197836
-160322
-116659
-68497
-17720
33754
83920
130864
172783
208056
235334
253574
262059
260489
248892
227743
197829
160328
116654
68503
17713
-33751
-83922
-130865
-172781
-208057
-235334
-253574
-262064
-260483
-248893
-227741
-197835
-160324
-116654
-68498
-17716
33753
83918
130869
172777
208052
235338
253570
262062
260482
248893
227743
197829
160327
116650
68500
17715
-33749
-83923
-130864
-172779
-208060
-235338
-253569
-262065
-260480
-248897
-227736
-197834
-160325
-116655
-68502
-17714
33752
83920
130862
172781
208052
235337
253566
262063
260482
248896
227739
197830
160325
116654
68501
17715
-33751
-83925
-130865
-172780
-208058
-235337
-253571
-262064
-260483
-248893
-227737
-197836
-160323
-116654
-68501
-17713
33752
83924
130864
172780
208055
235332
253575
262063
260480
248894
227736
197835
160323
116656
68499
17713
-33749
-83923
-130866
-172784
-208056
-235337
-253567
-262064
-260476
-248897
-227734
-197833
-160320
-116650
-68506
-17717
33756
83916
130867
172780
208057
235336
253570
262068
260482
248895
227738
197837
160321
116654
68504
17713
-33750
-83920
-130865
-172777
-208058
-235336
-253577
-262062
-260486
-248891
-227742
-197833
-160318
-116655
-68499
-17716
33753
83922
130866
172780
208055
235334
253574
262060
260486
248893
227737
197834
160324
116655
68497
17715
-33751
-83924
-130864
-172784
-208056
-235337
-253570
-262060
-260482
-248891
-227740
-197834
-160322
-116654
-68499
-17715
33750
83923
130864
172780
208060
235334
253578
262061
260484
248894
227738
197829
160327
116648
68505
17711
-33750
-83922
-130863
-172775
-208056
-235335
-253577
-262061
-260489
-248894
-227743
-197831
-160327
-116650
-68501
-17713
33750
83922
130866
172777
208058
235335
253571
262065
260481
248897
227740
197833
160322
116653
68506
17710
-33743
-83919
-130864
-172782
-208055
-235335
-253570
-262068
-260483
-248892
-227738
-197833
-160328
-116653
-68500
-17712
33749
83921
130864
172779
208056
235334
253575
262054
260489
248890
227743
197833
160326
116648
68500
17712
-33751
-83924
-130860
-172782
-208057
-235330
-253572
-262060
-260486
-248896
-227744
-197832
-160322
-116650
-68502
-17717
33752
83919
130866
172778
208059
235334
253572
262061
260486
248890
227744
197830
160330
116650
68499
17717
-33754
-83918
-130868
-172779
-208059
-235340
-253571
-262066
-260483
-248892
-227740
-197831
-160324
-116651
-68499
-17718
33758
83918
130867
172782
208052
235336
253574
262058
260484
248893
227743
197830
160325
116653
68500
17712
-33746
-83923
-130866
-172776
-208058
-235335
-253572
-262061
-260488
-248894
-227743
-197831
-160323
-116654
-68495
-17718
33751
83921
130865
172782
208054
235338
253573
262060
260484
248895
227741
197832
160326
116655
68501
17715
-33754
-83924
-130864
-172781
-208050
-235338
-253570
-262066
-260485
-248893
-227743
-197834
-160326
-116654
-68499
-17712
33755
83923
130864
172782
208057
235336
253571
262061
260482
248898
227738
197833
160323
116655
68500
17718
-33755
-83922
-130869
-172781
-208054
-235336
-253572
-262068
-260485
-248897
-227735
-197838
-160319
-116655
-68499
-17717
33753
83921
130868
172779
208056
235336
253574
262063
260483
248894
227737
197834
160325
116651
68501
17712
-33751
-83921
-130864
-172783
-208053
-235341
-253574
-262059
-260490
-248890
-227739
-197833
-160322
-116656
-68498
-17715
33750
83921
130864
172782
208053
235340
253567
262066
260484
248897
227739
197832
160323
116656
68500
17719
-33755
-83918
-130866
-172783
-208055
-235337
-253569
-262069
-260482
-248892
-227734
-197834
-160322
-116653
-68501
-17715
33751
83921
130860
172785
208052
235337
253571
262064
260487
248890
227739
197832
160327
116650
68500
17717
-33754
-83921
-130865
-172778
-208059
-235337
-253569
-262067
-260477
-248900
-227737
-197835
-160328
-116655
-68501
-17717
33757
83917
130865
172781
208058
235333
253571
262059
260489
248886
227742
197829
160322
116659
68495
17716
-33753
-83920
-130865
-172782
-208053
-235338
-253571
-262063
-260483
-248892
-227741
-197833
-160327
-116649
-68498
-17715
33755
83921
130867
172779
208059
235335
253574
262063
260482
248894
227738
197832
160325
116655
68503
17715
-33746
-83922
-130862
-172780
-208058
-235336
-253573
-262062
-260485
-248890
-227741
-197831
-160323
-116654
-68497
-17715
33748
83923
130862
172779
208058
235338
253574
262060
260483
248893
227739
197837
160325
116654
68498
17715
-33750
-83922
-130862
-172784
-208054
-235343
-253562
-262069
-260476
-248902
-227732
-197833
-160328
-116653
-68505
-17712
33748
83923
130863
172780
208056
235334
253573
262063
260486
248896
227739
197831
160321
116655
68499
17713
-33748
-83921
-130865
-172779
-208056
-235337
-253567
-262062
-260484
-248897
-227735
-197838
-160322
-116653
-68502
-17714
33749
83922
130865
172780
208055
235339
253573
262063
260490
248896
227736
197836
160324
116656
68500
17717
-33751
-83919
-130866
-172781
-208058
-235333
-253573
-262067
-260483
-248893
-227741
-197832
-160324
-116654
-68504
-17711
33749
83916
130864
172784
208047
235342
253571
262067
260483
248890
227743
197831
160323
116659
68498
17717
-33750
-83923
-130864
-172781
-208056
-235335
-253572
-262066
-260487
-248893
-227743
-197828
-160330
-116654
-68502
-17716
33750
83924
130866
172781
208055
235338
253571
262065
260480
248901
227735
197831
160331
116651
68503
17716
-33754
-83918
-130868
-172784
-208051
-235339
-253574
-262062
-260482
-248902
-227733
-197838
-160323
-116655
-68500
-17714
33749
83926
130863
172781
208053
235340
253566
262068
260483
248896
227739
197836
160322
116654
68504
17712
-33746
-83920
-130867
-172777
-208056
-235335
-253569
-262064
-260483
-248892
-227739
-197835
-160323
-116655
-68500
-17716
33749
83924
130864
172781
208055
235334
253572
262062
260484
248895
227741
197836
160319
116658
68499
17714
-33751
-83919
-130863
-172783
-208055
-235335
-253571
-262066
-260482
-248896
-227736
-197835
-160321
-116655
-68499
-17716
33750
83922
130864
172783
208055
235336
253576
262059
260486
248888
227742
197829
160324
116653
68504
17712
-33752
-83923
-130863
-172779
-208057
-235338
-253571
-262064
-260484
-248896
-227739
-197837
-160324
-116653
-68503
-17713
33753
83920
130868
172779
208055
235334
253573
262062
260485
248888
227743
197827
160328
116647
68504
17713
-33749
-83920
-130871
-172776
-208061
-235339
-253569
-262062
-260482
-248890
-227739
-197835
-160324
-116655
-68501
-17718
33755
83922
130866
172778
208056
235331
253571
262062
260488
248896
227737
197836
160323
116653
68501
17717
-33751
-83921
-130869
-172783
-208051
-235336
-253572
-262066
-260479
-248898
-227737
-197834
-160321
-116658
-68499
-17715
33751
83919
130865
172783
208056
235334
253573
262062
260484
248895
227738
197832
160327
116647
68504
17711
-33747
-83924
-130862
-172784
-208052
-235338
-253571
-262068
-260482
-248892
-227743
-197830
-160329
-116651
-68502
-17712
33746
83925
130863
172783
208059
235331
253574
262063
260483
248892
227740
197831
160328
116651
68500
17717
-33755
-83916
-130866
-172777
-208057
-235330
-253574
-262063
-260482
-248895
-227740
-197837
-160325
-116652
-68503
-17715
33746
83926
130860
172787
208050
235339
253569
262064
260485
248894
227739
197833
160326
116653
68503
17714
-33748
-83924
-130864
-172780
-208052
-235334
-253572
-262060
-260490
-248889
-227745
-197829
-160325
-116656
-68499
-17716
33752
83925
130866
172784
208054
235335
253573
262062
260484
248892
227745
197832
160327
116655
68502
17716
-33753
-83918
-130866
-172779
-208059
-235334
-253576
-262061
-260489
-248891
-227742
-197830
-160326
-116648
-68502
-17711
33748
83922
130863
172778
208057
235333
253571
262064
260484
248894
227735
197837
160320
116656
68501
17710
-33751
-83919
-130867
-172775
-208056
-235334
-253574
-262065
-260484
-248896
-227738
-197831
-160323
-116651
-68499
-17714
33750
83924
130864
172779
208059
235331
253574
262060
260485
248895
227738
197833
160328
116656
68503
17716
-33752
-83920
-130866
-172782
-208048
-235337
-253570
-262066
-260483
-248890
-227745
-197831
-160327
-116654
-68499
-17718
33753
83920
130866
172776
208058
235335
253573
262063
260479
248900
227743
197832
160326
116652
68498
17717
-33751
-83921
-130867
-172778
-208058
-235336
-253571
-262064
-260483
-248892
-227739
-197833
-160323
-116656
-68500
-17713
33749
83922
130862
172783
208054
235335
253570
262065
260484
248896
227739
197833
160325
116654
68500
17714
-33750
-83924
-130866
-172784
-208053
-235337
-253573
-262061
-260485
-248888
-227742
-197833
-160325
-116653
-68502
-17712
33751
83921
130867
172784
208053
235338
253570
262064
260482
248892
227739
197835
160322
116650
68504
17715
-33755
-83923
-130863
-172784
-208055
-235339
-253570
-262064
-260487
-248895
-227740
-197832
-160328
-116649
-68503
-17713
33752
83922
130863
172778
208056
235334
253568
262065
260483
248894
227742
197835
160323
116652
68500
17720
-33755
-83918
-130866
-172781
-208053
-235343
-253567
-262061
-260485
-248896
-227742
-197834
-160325
-116653
-68500
-17716
33752
83922
130862
172785
208060
235330
253577
262061
260483
248895
227737
197838
160323
116653
68503
17716
-33753
-83917
-130869
-172784
-208057
-235335
-253571
-262064
-260485
-248892
-227740
-197836
-160325
-116656
-68497
-17714
33753
83921
130867
172779
208055
235335
253569
262065
260482
248896
227738
197835
160322
116649
68503
17713
-33756
-83918
-130866
-172775
-208059
-235330
-253574
-262064
-260480
-248899
-227736
-197836
-160322
-116654
-68500
-17717
33751
83918
130863
172782
208054
235337
253569
262064
260483
248899
227737
197831
160323
116651
68497
17716
-33748
-83926
-130860
-172777
-208058
-235335
-253572
-262066
-260482
-248891
-227742
-197832
-160326
-116652
-68502
-17714
33749
83922
130867
172780
208056
235336
253575
262064
260486
248894
227738
197835
160322
116655
68500
17716
-33753
-83923
-130864
-172783
-208054
-235335
-253573
-262065
-260484
-248897
-227740
-197834
-160320
-116657
-68499
-17718
33754
83917
130868
172774
208063
235332
253575
262060
260489
248895
227739
197835
160319
116651
68502
17713
-33750
-83921
-130863
-172785
-208052
-235339
-253567
-262065
-260479
-248899
-227737
-197835
-160324
-116654
-68498
-17712
33746
83924
130863
172783
208055
235336
253571
262064
260484
248895
227742
197836
160324
116656
68503
17712
-33752
-83923
-130864
-172781
-208056
-235337
-253570
-262065
-260483
-248893
-227739
-197832
-160325
-116650
-68505
-17711
33750
83921
130867
172781
208059
235336
253572
262062
260482
248895
227734
197833
160320
116652
68501
17717
-33753
-83917
-130866
-172780
-208058
-235332
-253572
-262061
-260486
-248891
-227744
-197830
-160325
-116656
-68495
-17720
33754
83923
130862
172783
208049
235340
253567
262060
260486
248895
227738
197833
160324
116650
68503
17715
-33748
-83922
-130862
-172784
-208052
-235339
-253569
-262068
-260483
-248896
-227744
-197831
-160326
-116652
-68503
-17710
33747
83924
130865
172775
208061
235332
253573
262065
260485
248892
227743
197831
160327
116652
68502
17712
-33749
-83921
-130867
-172780
-208055
-235333
-253575
-262061
-260483
-248891
-227740
-197830
-160322
-116653
-68498
-17715
33752
83917
130863
172783
208050
235340
253570
262059
260487
248890
227742
197830
160326
116652
68501
17716
-33754
-83919
-130868
-172782
-208054
-235338
-253565
-262063
-260486
-248894
-227738
-197835
-160324
-116653
-68503
-17714
33750
83920
130864
172783
208055
235338
253565
262065
260485
248891
227746
197823
160335
116644
68510
17707
-33748
-83923
-130865
-172784
-208053
-235334
-253578
-262062
-260483
-248896
-227738
-197832
-160324
-116652
-68500
-17714
33747
83924
130866
172779
208058
235338
253573
262062
260481
248895
227738
197832
160326
116655
68502
17712
-33745
-83923
-130860
-172783
-208055
-235334
-253568
-262069
-260483
-248897
-227738
-197832
-160322
-116654
-68498
-17716
33753
83916
130867
172779
208059
235333
253568
262066
260481
248897
227737
197835
160325
116655
68505
17711
-33748
-83920
-130863
-172779
-208056
-235336
-253572
-262058
-260491
-248888
-227740
-197833
-160323
-116648
-68503
-17713
33752
83920
130865
172778
208057
235335
253572
262064
260482
248894
227738
197831
160323
116650
68503
17714
-33752
-83919
-130869
-172781
-208053
-235332
-253574
-262062
-260482
-248895
-227736
-197834
-160321
-116656
-68499
-17718
33755
83919
130866
172779
208058
235336
253567
262068
260479
248893
227741
197834
160325
116652
68501
17711
-33750
-83921
-130864
-172781
-208055
-235332
-253572
-262061
-260487
-248895
-227740
-197829
-160324
-116651
-68500
-17716
33756
83917
130865
172783
208051
235335
253567
262070
260483
248895
227742
197829
160328
116648
68502
17711
-33750
-83926
-130860
-172784
-208051
-235340
-253570
-262065
-260479
-248895
-227736
-197836
-160323
-116660
-68499
-17714
33750
83919
130869
172781
208056
235337
253569
262068
260481
248898
227742
197829
160320
116652
68504
17712
-33753
-83921
-130870
-172777
-208059
-235331
-253578
-262061
-260489
-248891
-227738
-197832
-160323
-116654
-68500
-17717
33751
83923
130865
172780
208059
235331
253571
262064
260480
248894
227739
197835
160324
116652
68504
17712
-33747
-83923
-130865
-172781
-208055
-235336
-253569
-262064
-260481
-248896
-227736
-197834
-160324
-116654
-68498
-17718
33753
83917
130869
172780
208059
235334
253574
262061
260484
248895
227735
197838
160320
116654
68505
17714
-33749
-83921
-130867
-172782
-208056
-235336
-253569
-262063
-260483
-248894
-227741
-197826
-160328
-116648
-68502
-17715
33749
83919
130864
172786
208053
235338
253571
262066
260480
248899
227730
197836
160327
116652
68501
17713
-33751
-83924
-130863
-172783
-208056
-235340
-253571
-262066
-260486
-248896
-227737
-197838
-160320
-116662
-68497
-17713
33753
83920
130865
172784
208053
235341
253567
262058
260482
248895
227737
197833
160321
116652
68501
17717
-33754
-83918
-130867
-172778
-208059
-235333
-253573
-262062
-260479
-248894
-227740
-197832
-160321
-116656
-68500
-17714
33750
83923
130865
172781
208054
235336
253572
262063
260480
248896
227735
197834
160325
116653
68502
17712
-33751
-83922
-130867
-172781
-208057
-235334
-253572
-262063
-260484
-248892
-227739
-197828
-160325
-116654
-68501
-17714
33751
83923
130864
172781
208054
235334
253571
262063
260485
248896
227740
197831
160328
116655
68502
17714
-33748
-83924
-130865
-172783
-208059
-235341
-253566
-262068
-260479
-248897
-227736
-197831
-160326
-116648
-68504
-17713
33748
83921
130868
172777
208061
235336
253572
262063
260484
248893
227741
197829
160328
116655
68501
17713
-33753
-83920
-130864
-172781
-208059
-235338
-253574
-262061
-260480
-248896
-227740
-197834
-160326
-116653
-68502
-17714
33748
83922
130866
172775
208057
235333
253573
262066
260481
248900
227735
197838
160323
116650
68507
17708
-33751
-83921
-130867
-172782
-208052
-235337
-253572
-262065
-260483
-248892
-227740
-197831
-160325
-116654
-68502
-17715
33750
83928
130862
172787
208054
235341
253570
262061
260486
248890
227742
197833
160326
116654
68505
17715
-33752
-83921
-130864
-172778
-208056
-235334
-253573
-262060
-260489
-248894
-227739
-197834
-160321
-116654
-68499
-17714
33749
83921
130864
172781
208057
235333
253579
262058
260488
248891
227741
197836
160319
116658
68499
17715
-33753
-83925
-130861
-172784
-208055
-235334
-253573
-262059
-260485
-248893
-227736
-197838
-160320
-116654
-68500
-17719
33752
83922
130868
172778
208060
235332
253574
262056
260488
248892
227741
197831
160326
116648
68502
17713
-33749
-83926
-130863
-172780
-208059
-235334
-253575
-262057
-260488
-248893
-227742
-197834
-160324
-116656
-68497
-17713
33750
83919
130865
172778
208062
235334
253577
262057
260483
248894
227742
197835
160323
116655
68500
17716
-33755
-83918
-130869
-172777
-208056
-235335
-253570
-262064
-260481
-248891
-227742
-197832
-160321
-116654
-68501
-17714
33754
83922
130867
172776
208061
235333
253571
262063
260480
248894
227740
197828
160325
116652
68502
17715
-33748
-83924
-130866
-172778
-208054
-235339
-253569
-262061
-260484
-248895
-227738
-197838
-160320
-116657
-68497
-17717
33757
83917
130865
172778
208054
235335
253568
262066
260480
248892
227743
197831
160324
116654
68498
17715
-33753
-83922
-130868
-172780
-208057
-235335
-253572
-262063
-260483
-248893
-227739
-197831
-160324
-116654
-68497
-17715
33750
83920
130863
172782
208054
235335
253570
262064
260486
248894
227743
197829
160326
116653
68502
17715
-33755
-83921
-130867
-172779
-208053
-235336
-253574
-262061
-260488
-248889
-227742
-197832
-160324
-116652
-68502
-17714
33749
83920
130860
172785
208055
235339
253569
262064
260485
248892
227744
197832
160320
116656
68502
17713
-33754
-83920
-130871
-172779
-208059
-235336
-253574
-262064
-260481
-248899
-227738
-197836
-160322
-116658
-68501
-17711
33751
83923
130868
172778
208054
235336
253570
262059
260487
248890
227743
197838
160321
116655
68502
17713
-33750
-83924
-130862
-172777
-208057
-235334
-253572
-262066
-260482
-248896
-227741
-197829
-160323
-116652
-68500
-17713
33747
83922
130865
172776
208056
235336
253572
262061
260487
248893
227743
197829
160325
116653
68506
17712
-33751
-83923
-130865
-172780
-208058
-235333
-253576
-262060
-260482
-248895
-227738
-197835
-160322
-116655
-68500
-17717
33750
83923
130862
172782
208052
235340
253568
262065
260481
248900
227734
197837
160322
116655
68499
17717
-33752
-83920
-130870
-172776
-208063
-235332
-253572
-262061
-260482
-248901
-227733
-197836
-160324
-116650
-68503
-17710
33750
83921
130867
172783
208055
235338
253573
262063
260483
248893
227741
197831
160318
116656
68496
17716
-33751
-83921
-130866
-172778
-208059
-235333
-253570
-262064
-260483
-248892
-227744
-197832
-160328
-116654
-68502
-17714
33753
83921
130867
172778
208060
235330
253577
262060
260484
248895
227738
197833
160322
116652
68504
17713
-33750
-83922
-130864
-172781
-208054
-235332
-253573
-262063
-260480
-248899
-227735
-197836
-160327
-116650
-68505
-17710
33750
83919
130867
172778
208053
235341
253571
262064
260483
248895
227738
197835
160324
116656
68497
17720
-33753
-83918
-130864
-172782
-208056
-235334
-253571
-262060
-260483
-248892
-227737
-197837
-160324
-116654
-68502
-17712
33749
83924
130864
172781
208055
235336
253573
262062
260480
248898
227737
197837
160325
116656
68499
17714
-33752
-83916
-130867
-172778
-208052
-235339
-253566
-262064
-260484
-248890
-227740
-197833
-160328
-116653
-68500
-17718
33755
83920
130864
172780
208055
235338
253567
262067
260479
248894
227739
197835
160322
116659
68500
17716
-33752
-83917
-130871
-172776
-208061
-235330
-253572
-262061
-260487
-248892
-227740
-197836
-160324
-116653
-68498
-17716
33754
83919
130865
172783
208052
235340
253567
262069
260479
248898
227736
197834
160321
116656
68497
17715
-33750
-83921
-130866
-172783
-208053
-235337
-253571
-262064
-260483
-248896
-227739
-197834
-160329
-116654
-68502
-17714
33753
83917
130868
172780
208057
235336
253573
262062
260482
248899
227739
197831
160329
116654
68503
17718
-33756
-83917
-130865
-172779
-208056
-235335
-253572
-262060
-260486
-248894
-227737
-197838
-160323
-116660
-68502
-17716
33753
83922
130863
172783
208053
235335
253569
262066
260484
248895
227739
197832
160325
116653
68499
17714
-33749
-83922
-130863
-172780
-208054
-235338
-253567
-262064
-260486
-248896
-227736
-197837
-160325
-116652
-68500
-17714
33753
83919
130868
172780
208059
235332
253577
262061
260481
248897
227735
197835
160324
116652
68505
17711
-33747
-83923
-130863
-172775
-208060
-235332
-253578
-262059
-260487
-248891
-227738
-197834
-160323
-116653
-68501
-17716
33754
83922
130864
172782
208055
235330
253576
262061
260485
248897
227742
197830
160325
116652
68501
17713
-33750
-83921
-130866
-172777
-208060
-235331
-253575
-262061
-260480
-248894
-227737
-197831
-160323
-116657
-68498
-17719
33755
83921
130866
172779
208058
235330
253573
262061
260487
248890
227741
197832
160321
116656
68500
17718
-33753
-83917
-130865
-172781
-208059
-235332
-253572
-262061
-260488
-248894
-227742
-197826
-160328
-116653
-68498
-17717
33750
83920
130867
172777
208059
235335
253572
262068
260480
248899
227737
197836
160320
116656
68500
17713
-33752
-83925
-130864
-172784
-208057
-235332
-253569
-262068
-260478
-248901
-227738
-197836
-160320
-116652
-68497
-17714
33753
83915
130868
172776
208060
235332
253579
262055
260487
248893
227739
197834
160323
116657
68499
17713
-33749
-83924
-130857
-172782
-208053
-235341
-253570
-262066
-260483
-248894
-227740
-197835
-160319
-116663
-68496
-17719
33757
83920
130865
172778
208056
235336
253571
262064
260487
248891
227742
197835
160323
116658
68497
17716
-33751
-83922
-130867
-172779
-208058
-235333
-253573
-262060
-260485
-248893
-227741
-197831
-160325
-116651
-68503
-17711
33748
83926
130860
172784
208054
235335
253574
262060
260488
248899
227735
197837
160321
116652
68502
17712
-33752
-83923
-130864
-172784
-208055
-235338
-253568
-262071
-260482
-248895
-227741
-197833
-160327
-116650
-68499
-17717
33752
83921
130867
172781
208053
235333
253576
262061
260483
248890
227741
197835
160324
116657
68499
17710
-33749
-83923
-130862
-172782
-208058
-235333
-253572
-262067
-260481
-248894
-227734
-197833
-160327
-116650
-68502
-17716
33753
83921
130865
172783
208053
235340
253570
262066
260478
248896
227740
197835
160323
116655
68501
17711
-33751
-83924
-130863
-172784
-208051
-235337
-253571
-262062
-260485
-248892
-227740
-197833
-160326
-116652
-68503
-17714
33751
83922
130861
172784
208053
235338
253569
262069
260480
248895
227743
197832
160327
116650
68504
17711
-33752
-83916
-130868
-172777
-208061
-235333
-253570
-262062
-260489
-248891
-227740
-197830
-160323
-116652
-68498
-17714
33748
83919
130864
172781
208052
235342
253570
262061
260486
248895
227740
197833
160325
116652
68504
17714
-33754
-83919
-130862
-172779
-208055
-235334
-253569
-262063
-260484
-248893
-227743
-197831
-160323
-116654
-68501
-17709
33749
83924
130867
172780
208058
235336
253571
262061
260481
248894
227738
197831
160321
116659
68499
17716
-33750
-83920
-130865
-172781
-208056
-235338
-253569
-262064
-260476
-248900
-227735
-197838
-160321
-116655
-68498
-17717
33755
83921
130869
172770
208062
235334
253568
262063
260481
248900
227735
197835
160321
116656
68499
17713
-33750
-83923
-130863
-172781
-208057
-235337
-253571
-262065
-260485
-248891
-227741
-197835
-160320
-116658
-68501
-17716
33752
83921
130864
172783
208054
235335
253573
262061
260483
248896
227742
197831
160324
116656
68500
17715
-33753
-83922
-130865
-172780
-208060
-235331
-253572
-262060
-260482
-248896
-227736
-197837
-160321
-116655
-68500
-17716
33756
83918
130867
172780
208060
235337
253570
262067
260483
248895
227740
197833
160325
116652
68503
17715
-33748
-83924
-130867
-172780
-208054
-235335
-253571
-262062
-260485
-248892
-227739
-197830
-160325
-116652
-68502
-17717
33752
83919
130868
172778
208055
235336
253576
262064
260481
248895
227736
197834
160320
116653
68501
17710
-33746
-83925
-130860
-172784
-208053
-235334
-253577
-262064
-260480
-248898
-227742
-197834
-160324
-116652
-68503
-17713
33749
83923
130862
172782
208056
235338
253569
262065
260482
248892
227739
197832
160322
116652
68499
17716
-33754
-83917
-130869
-172783
-208057
-235334
-253566
-262066
-260485
-248896
-227739
-197830
-160328
-116651
-68503
-17713
33754
83921
130864
172780
208053
235338
253570
262064
260478
248894
227740
197833
160324
116655
68498
17716
-33747
-83920
-130862
-172783
-208054
-235341
-253571
-262064
-260484
-248892
-227744
-197830
-160327
-116652
-68501
-17716
33751
83921
130864
172778
208056
235334
253567
262068
260483
248892
227740
197834
160323
116653
68499
17715
-33754
-83925
-130864
-172779
-208056
-235335
-253571
-262062
-260481
-248893
-227740
-197835
-160319
-116661
-68498
-17714
33753
83918
130870
172778
208058
235333
253574
262058
260482
248891
227742
197834
160324
116653
68503
17713
-33752
-83919
-130869
-172780
-208050
-235338
-253567
-262064
-260477
-248896
-227738
-197831
-160325
-116655
-68500
-17718
33754
83920
130864
172782
208050
235342
253566
262067
260479
248895
227739
197833
160324
116650
68507
17711
-33750
-83924
-130865
-172781
-208051
-235339
-253565
-262068
-260480
-248892
-227743
-197825
-160328
-116650
-68504
-17715
33752
83924
130862
172786
208052
235338
253570
262064
260481
248894
227742
197835
160322
116656
68503
17717
-33754
-83918
-130863
-172783
-208058
-235335
-253572
-262063
-260483
-248894
-227739
-197832
-160323
-116650
-68507
-17713
33748
83923
130867
172775
208059
235331
253571
262064
260486
248895
227740
197832
160324
116651
68497
17714
-33753
-83923
-130863
-172781
-208058
-235334
-253572
-262066
-260482
-248896
-227739
-197836
-160323
-116653
-68499
-17715
33753
83920
130863
172780
208057
235336
253571
262062
260488
248893
227737
197834
160322
116651
68503
17712
-33749
-83926
-130862
-172781
-208057
-235337
-253572
-262068
-260478
-248898
-227735
-197834
-160320
-116656
-68500
-17714
33751
83922
130864
172784
208053
235338
253568
262062
260485
248893
227739
197833
160328
116652
68496
17721
-33753
-83920
-130864
-172779
-208055
-235336
-253573
-262062
-260486
-248895
-227741
-197834
-160322
-116656
-68498
-17714
33753
83919
130865
172781
208053
235336
253570
262064
260483
248894
227738
197834
160325
116656
68500
17716
-33756
-83918
-130864
-172779
-208059
-235336
-253573
-262069
-260479
-248899
-227735
-197835
-160323
-116652
-68502
-17713
33751
83923
130868
172784
208052
235343
253566
262068
260482
248896
227736
197831
160327
116651
68499
17716
-33751
-83922
-130863
-172785
-208052
-235337
-253570
-262066
-260482
-248898
-227734
-197842
-160320
-116656
-68498
-17719
33753
83919
130867
172779
208054
235337
253567
262065
260480
248894
227735
197838
160320
116657
68501
17715
-33749
-83921
-130864
-172782
-208054
-235339
-253574
-262067
-260480
-248894
-227739
-197837
-160321
-116658
-68495
-17717
33753
83922
130863
172780
208055
235338
253573
262064
260486
248896
227740
197835
160322
116654
68501
17713
-33754
-83920
-130867
-172780
-208057
-235335
-253569
-262067
-260480
-248896
-227733
-197840
-160321
-116653
-68502
-17716
33756
83921
130871
172776
208052
235340
253572
262064
260486
248892
227741
197828
160327
116653
68503
17719
-33755
-83919
-130867
-172779
-208051
-235337
-253568
-262064
-260481
-248897
-227734
-197834
-160321
-116651
-68502
-17716
33757
83915
130867
172777
208055
235339
253569
262065
260480
248899
227733
197834
160326
116654
68499
17716
-33754
-83921
-130863
-172777
-208059
-235335
-253570
-262060
-260484
-248893
-227737
-197836
-160321
-116654
-68499
-17717
33753
83915
130867
172779
208057
235334
253570
262065
260481
248896
227736
197832
160324
116656
68500
17718
-33753
-83921
-130868
-172776
-208052
-235339
-253567
-262068
-260478
-248897
-227739
-197835
-160325
-116655
-68499
-17715
33751
83918
130867
172780
208054
235338
253570
262065
260478
248894
227738
197835
160322
116658
68498
17720
-33757
-83914
-130868
-172778
-208062
-235331
-253575
-262057
-260483
-248896
-227736
-197833
-160323
-116651
-68503
-17712
33749
83926
130860
172787
208056
235339
253571
262065
260486
248894
227740
197832
160322
116657
68497
17718
-33755
-83919
-130865
-172779
-208056
-235337
-253569
-262061
-260486
-248895
-227739
-197830
-160326
-116652
-68500
-17711
33750
83923
130865
172774
208062
235333
253573
262062
260486
248893
227737
197835
160322
116653
68503
17717
-33749
-83923
-130866
-172780
-208053
-235338
-253571
-262066
-260483
-248894
-227737
-197836
-160320
-116654
-68502
-17714
33754
83919
130865
172782
208056
235332
253574
262061
260484
248891
227747
197827
160329
116650
68498
17718
-33749
-83919
-130865
-172781
-208057
-235332
-253571
-262067
-260479
-248893
-227741
-197836
-160324
-116655
-68504
-17715
33751
83917
130865
172778
208058
235334
253572
262067
260482
248896
227738
197836
160320
116658
68500
17715
-33749
-83924
-130865
-172778
-208061
-235331
-253573
-262065
-260481
-248896
-227741
-197828
-160325
-116655
-68496
-17719
33753
83923
130863
172781
208055
235334
253576
262059
260486
248890
227739
197831
160325
116654
68503
17716
-33752
-83921
-130862
-172781
-208057
-235335
-253570
-262061
-260484
-248894
-227737
-197833
-160326
-116654
-68500
-17712
33753
83920
130867
172777
208056
235340
253570
262066
260485
248892
227739
197836
160325
116651
68505
17715
-33753
-83922
-130868
-172779
-208057
-235335
-253572
-262059
-260484
-248896
-227740
-197831
-160326
-116652
-68500
-17719
33753
83922
130862
172781
208055
235336
253573
262061
260485
248895
227742
197830
160326
116651
68504
17712
-33750
-83917
-130865
-172778
-208056
-235335
-253569
-262066
-260483
-248892
-227741
-197834
-160328
-116652
-68501
-17715
33753
83919
130870
172779
208056
235333
253574
262062
260489
248892
227738
197836
160321
116653
68499
17718
-33754
-83920
-130867
-172778
-208055
-235336
-253570
-262065
-260485
-248891
-227747
-197826
-160328
-116647
-68508
-17712
33752
83918
130865
172778
208058
235334
253573
262063
260487
248893
227740
197840
160319
116659
68497
17717
-33751
-83921
-130864
-172781
-208053
-235338
-253569
-262063
-260483
-248892
-227740
-197833
-160328
-116655
-68500
-17716
33752
83920
130868
172779
208057
235330
253573
262066
260484
248895
227741
197835
160322
116652
68502
17713
-33745
-83927
-130862
-172784
-208058
-235337
-253569
-262061
-260484
-248894
-227740
-197835
-160322
-116656
-68503
-17717
33757
83919
130866
172780
208054
235340
253568
262070
260478
248895
227742
197828
160325
116652
68499
17714
-33753
-83918
-130868
-172778
-208060
-235332
-253574
-262060
-260488
-248892
-227743
-197830
-160324
-116654
-68507
-17712
33754
83919
130864
172779
208053
235341
253563
262066
260483
248894
227743
197830
160324
116654
68500
17718
-33748
-83920
-130863
-172782
-208055
-235341
-253570
-262066
-260484
-248890
-227742
-197832
-160329
-116655
-68499
-17715
33753
83921
130866
172785
208051
235339
253566
262067
260479
248897
227737
197838
160324
116651
68505
17712
-33746
-83920
-130865
-172782
-208055
-235336
-253570
-262064
-260479
-248898
-227737
-197833
-160322
-116654
-68499
-17719
33754
83918
130865
172779
208056
235334
253573
262061
260486
248890
227742
197831
160323
116657
68495
17716
-33748
-83923
-130860
-172780
-208058
-235334
-253571
-262067
-260480
-248897
-227734
-197835
-160324
-116653
-68504
-17714
33749
83925
130860
172785
208052
235334
253576
262057
260485
248889
227738
197834
160324
116656
68503
17714
-33748
-83923
-130865
-172778
-208055
-235341
-253567
-262069
-260481
-248894
-227737
-197841
-160317
-116653
-68501
-17716
33750
83921
130865
172777
208060
235333
253574
262061
260488
248890
227742
197831
160327
116655
68498
17716
-33753
-83919
-130865
-172777
-208061
-235335
-253577
-262061
-260486
-248896
-227739
-197831
-160326
-116651
-68498
-17716
33752
83919
130865
172778
208059
235329
253576
262062
260486
248897
227735
197837
160321
116656
68500
17716
-33754
-83922
-130862
-172777
-208058
-235334
-253572
-262061
-260483
-248897
-227740
-197833
-160322
-116659
-68501
-17713
33749
83921
130866
172781
208058
235334
253570
262064
260483
248891
227739
197833
160322
116656
68502
17715
-33752
-83918
-130867
-172776
-208058
-235335
-253575
-262060
-260487
-248894
-227740
-197832
-160327
-116650
-68502
-17713
33750
83921
130860
172783
208052
235335
253572
262063
260481
248897
227739
197834
160320
116655
68500
17711
-33750
-83921
-130866
-172778
-208058
-235334
-253575
-262058
-260489
-248887
-227739
-197828
-160327
-116649
-68502
-17715
33752
83920
130866
172779
208058
235330
253573
262061
260487
248893
227737
197835
160324
116650
68503
17713
-33751
-83921
-130862
-172782
-208057
-235336
-253570
